7005    100767.140625   96100.000000 104000.000000
7015    101054.835938   96590.000000 104280.000000
7020    101481.164062   96330.000000 104780.000000
7027    100871.992188   95750.000000 104040.000000
7037    99850.054688   94950.000000 102920.000000
7072    100546.195312   96260.000000 103530.000000
7110    100533.367188   95240.000000 103610.000000
7117    100968.070312   95640.000000 104120.000000
7130    101240.585938   95580.000000 104250.000000
7139    99979.187500   94640.000000 102910.000000
7149    100620.437500   96010.000000 103560.000000
7168    100307.664062   96040.000000 103070.000000
7181    97643.109375   93580.000000 100290.000000
7190    99926.406250   95800.000000 102740.000000
7207    101224.851562   95290.000000 104110.000000
7222    101414.515625   95960.000000 104170.000000
7240    100388.632812   95710.000000 103050.000000
7255    99770.835938   95470.000000 102210.000000
7280    99055.890625   95100.000000 101540.000000
7299    98506.375000   94570.000000 101170.000000
7314    101511.109375   96840.000000 104060.000000
7335    100322.750000   95820.000000 102730.000000
7434    97011.742188   92950.000000 99230.000000
7460    97884.890625   93950.000000 103610.000000
7471    92154.484375   88550.000000 94100.000000
7481    98900.976562   95170.000000 101210.000000
7510    101213.312500   97000.000000 103690.000000
7535    98695.304688   94960.000000 100960.000000
7558    93462.796875   90030.000000 95510.000000
7577    100813.289062   97320.000000 103030.000000
7591    91596.210938   88160.000000 93540.000000
7607    101119.468750   97290.000000 103560.000000
7621    97539.632812   93670.000000 99840.000000
7627    96962.179688   93100.000000 99290.000000
7630    100015.773438   96210.000000 102440.000000
7643    101578.562500   98150.000000 103780.000000
7650    101211.929688   97740.000000 103440.000000
7661    99939.656250   96470.000000 102060.000000
7690    101200.695312   97650.000000 103610.000000
7747    101174.226562   97430.000000 103460.000000
7761    101463.210938   98330.000000 103770.000000
7790    101391.710938   97800.000000 103820.000000
61968    101286.429688   20990.000000 102170.000000
61970    101299.367188   41070.000000 102360.000000
61972    101478.015625   80640.000000 102840.000000
61976    101050.343750   11290.000000 109510.000000
61980    101486.140625   98550.000000 102700.000000
61996    101610.148438   97990.000000 104030.000000
61997    99102.148438   94180.000000 101940.000000
61998    99885.710938   94180.000000 103460.000000
67005    101244.921875   100040.000000 102130.000000
71805    101259.875000   96540.000000 104930.000000
78890    101177.273438   99720.000000 101810.000000
78894    101060.921875   99980.000000 101700.000000
78897    101428.593750   99770.000000 102080.000000
78922    100934.781250   21160.000000 103070.000000
78925    101380.820312   99870.000000 102000.000000
81401    101128.593750   100370.000000 101850.000000
81405    101127.093750   100410.000000 101780.000000
81408    101099.757812   100380.000000 101810.000000
81415    100016.890625   99250.000000 100690.000000
89642    98118.601562   93330.000000 102280.000000
