7015    -1.739368 -0.204214    50.570000 3.097500
7020    38.937202 -10.304908    49.725166 -1.939833
7027    1.753876 -3.143870    49.180000 -0.456167
7110    173.188049 1.917646    48.444168 -4.412000
7117    -3.257155 5.275504    48.825832 -3.473167
7149    113.909210 -1.414455    48.716831 2.384333
7168    77.974442 -0.899126    48.324669 4.020000
7181    -0.730194 0.683240    48.581001 5.959833
7207    35.200527 -2.568882    47.294334 -3.218333
7222    75.799629 -1.686465    47.150002 -1.608833
7280    179.371613 -1.682420    47.267834 5.088333
7314    21.350039 -4.732984    46.046833 -1.411500
7335    21.367403 2.341119    46.593834 0.314333
7434    87.861969 0.318235    45.861168 1.175000
7481    -1.463444 0.329138    45.726501 5.077833
7510    3.922772 -2.884149    44.830666 -0.691333
7558    -1.095291 1.024860    44.118500 3.019500
7577    -3.440193 -2.230486    44.581165 4.733000
7607    0.000000 0.000000    43.909832 -0.500167
7621    0.401054 -2.568882    43.188000 0.000000
7627    -2.536636 0.570506    43.005333 1.106833
7630    84.954704 -4.098999    43.620998 1.378833
7650    39.801456 -2.013759    43.437668 5.216000
7690    157.720245 -0.608956    43.648834 7.209000
7747    -2.994481 4.850060    42.737167 2.872833
7761    -1.428620 -0.457216    41.917999 8.792667
61970    1.969789 0.727964    -17.054667 42.712002
61972    111.188721 -3.645870    -22.344168 40.340668
61980    -1.389028 2.771389    -20.892500 55.528667
61996    9.646943 -1.725250    -37.795166 77.569168
61998    0.684141 1.985435    -49.352333 70.243332
71805    172.834503 4.583642    46.766335 -56.179169
78925    20.025709 -0.494016    14.595333 -60.995667
81405    37.673187 -3.139467    4.822333 -52.365334
81408    164.773712 -4.074944    3.890667 -51.804668
89642    3.338142 2.380506    -66.663170 140.001007
