81408 28.600000000000023 0 2016-03-30T11:00:00+02:00 3.890667 -51.804667
81408 27.900000000000034 0 2016-01-30T04:00:00+01:00 3.890667 -51.804667
81408 32.10000000000002 0 2016-04-01T20:00:00+02:00 3.890667 -51.804667
78922 30.200000000000045 0 2016-04-05T17:00:00+02:00 14.7745 -60.875333
81408 31.600000000000023 0 2016-04-05T17:00:00+02:00 3.890667 -51.804667
81408 31.400000000000034 0 2016-04-05T20:00:00+02:00 3.890667 -51.804667
81408 32.60000000000002 0 2016-04-07T14:00:00+02:00 3.890667 -51.804667
78922 28.900000000000034 0 2016-04-09T20:00:00+02:00 14.7745 -60.875333
81408 29.0 0 2016-04-11T14:00:00+02:00 3.890667 -51.804667
78922 28.700000000000045 0 2016-04-13T02:00:00+02:00 14.7745 -60.875333
78922 30.200000000000045 0 2016-04-13T23:00:00+02:00 14.7745 -60.875333
78922 30.200000000000045 0 2016-04-14T14:00:00+02:00 14.7745 -60.875333
78922 30.200000000000045 0 2016-04-14T17:00:00+02:00 14.7745 -60.875333
81408 30.600000000000023 0 2016-04-14T17:00:00+02:00 3.890667 -51.804667
81408 32.0 0 2016-03-20T07:00:00+01:00 3.890667 -51.804667
81408 33.10000000000002 0 2016-05-23T20:00:00+02:00 3.890667 -51.804667
78922 29.700000000000045 0 2016-05-23T11:00:00+02:00 14.7745 -60.875333
81408 33.200000000000045 0 2016-05-25T23:00:00+02:00 3.890667 -51.804667
81408 27.600000000000023 0 2016-05-28T11:00:00+02:00 3.890667 -51.804667
81408 31.0 0 2016-05-29T02:00:00+02:00 3.890667 -51.804667
81408 31.0 0 2016-05-29T08:00:00+02:00 3.890667 -51.804667
78922 31.30000000000001 0 2016-05-27T05:00:00+02:00 14.7745 -60.875333
81408 30.5 0 2016-06-02T14:00:00+02:00 3.890667 -51.804667
78922 29.900000000000034 0 2016-06-01T14:00:00+02:00 14.7745 -60.875333
78922 30.30000000000001 0 2016-06-04T08:00:00+02:00 14.7745 -60.875333
78922 31.600000000000023 0 2016-06-27T08:00:00+02:00 14.7745 -60.875333
78922 30.100000000000023 0 2016-06-28T02:00:00+02:00 14.7745 -60.875333
78922 30.100000000000023 0 2016-06-30T14:00:00+02:00 14.7745 -60.875333
81408 27.400000000000034 0 2016-07-02T11:00:00+02:00 3.890667 -51.804667
81408 29.5 0 2016-07-03T14:00:00+02:00 3.890667 -51.804667
81408 29.400000000000034 0 2016-07-05T14:00:00+02:00 3.890667 -51.804667
78922 30.700000000000045 0 2016-07-05T23:00:00+02:00 14.7745 -60.875333
81408 32.200000000000045 0 2016-07-06T02:00:00+02:00 3.890667 -51.804667
78922 30.5 0 2016-07-11T08:00:00+02:00 14.7745 -60.875333
81408 32.400000000000034 0 2016-07-12T02:00:00+02:00 3.890667 -51.804667
81408 32.400000000000034 0 2016-07-12T08:00:00+02:00 3.890667 -51.804667
78922 31.700000000000045 0 2016-07-12T11:00:00+02:00 14.7745 -60.875333
81408 31.600000000000023 0 2016-06-07T23:00:00+02:00 3.890667 -51.804667
78922 30.400000000000034 0 2016-06-09T20:00:00+02:00 14.7745 -60.875333
78922 30.200000000000045 0 2016-06-18T20:00:00+02:00 14.7745 -60.875333
78922 32.5 0 2016-08-05T14:00:00+02:00 14.7745 -60.875333
78922 32.5 0 2016-08-05T17:00:00+02:00 14.7745 -60.875333
78922 31.700000000000045 0 2016-08-05T23:00:00+02:00 14.7745 -60.875333
78922 30.900000000000034 0 2016-07-15T20:00:00+02:00 14.7745 -60.875333
81408 31.30000000000001 0 2016-07-17T20:00:00+02:00 3.890667 -51.804667
81408 33.10000000000002 0 2016-07-22T11:00:00+02:00 3.890667 -51.804667
81408 33.900000000000034 0 2016-07-25T23:00:00+02:00 3.890667 -51.804667
81408 33.900000000000034 0 2016-07-26T14:00:00+02:00 3.890667 -51.804667
81408 32.5 0 2016-07-31T08:00:00+02:00 3.890667 -51.804667
81408 32.5 0 2016-07-31T14:00:00+02:00 3.890667 -51.804667
81408 33.400000000000034 0 2016-08-06T17:00:00+02:00 3.890667 -51.804667
78922 30.80000000000001 0 2016-08-06T23:00:00+02:00 14.7745 -60.875333
81408 32.80000000000001 0 2016-08-07T11:00:00+02:00 3.890667 -51.804667
81408 32.900000000000034 0 2016-08-07T23:00:00+02:00 3.890667 -51.804667
78922 33.0 0 2016-08-09T20:00:00+02:00 14.7745 -60.875333
81408 33.80000000000001 0 2016-08-10T20:00:00+02:00 3.890667 -51.804667
81408 34.5 0 2016-08-14T02:00:00+02:00 3.890667 -51.804667
81408 35.10000000000002 0 2016-09-07T23:00:00+02:00 3.890667 -51.804667
81401 32.900000000000034 0 2016-09-09T17:00:00+02:00 5.4855 -54.031667
81408 35.200000000000045 0 2016-09-10T08:00:00+02:00 3.890667 -51.804667
81401 33.200000000000045 0 2016-09-10T17:00:00+02:00 5.4855 -54.031667
81401 33.60000000000002 0 2016-09-12T17:00:00+02:00 5.4855 -54.031667
81401 33.200000000000045 0 2016-09-14T14:00:00+02:00 5.4855 -54.031667
81408 34.30000000000001 0 2016-09-14T17:00:00+02:00 3.890667 -51.804667
78922 36.10000000000002 0 2016-09-15T20:00:00+02:00 14.7745 -60.875333
81408 34.30000000000001 0 2016-09-17T14:00:00+02:00 3.890667 -51.804667
81408 34.5 0 2016-09-17T20:00:00+02:00 3.890667 -51.804667
81408 34.900000000000034 0 2016-09-19T20:00:00+02:00 3.890667 -51.804667
81408 35.10000000000002 0 2016-09-21T17:00:00+02:00 3.890667 -51.804667
78890 30.30000000000001 0 2016-09-24T05:00:00+02:00 16.335 -61.004
78922 35.700000000000045 0 2016-08-27T20:00:00+02:00 14.7745 -60.875333
81408 34.5 0 2016-08-31T20:00:00+02:00 3.890667 -51.804667
81408 35.30000000000001 0 2016-09-02T23:00:00+02:00 3.890667 -51.804667
78922 32.400000000000034 0 2016-09-03T08:00:00+02:00 14.7745 -60.875333
81408 35.10000000000002 0 2016-09-04T20:00:00+02:00 3.890667 -51.804667
78890 29.30000000000001 0 2016-09-29T02:00:00+02:00 16.335 -61.004
81401 36.10000000000002 0 2016-09-29T14:00:00+02:00 5.4855 -54.031667
81401 35.80000000000001 0 2016-10-01T20:00:00+02:00 5.4855 -54.031667
81401 35.80000000000001 0 2016-10-02T20:00:00+02:00 5.4855 -54.031667
81401 35.200000000000045 0 2016-10-04T17:00:00+02:00 5.4855 -54.031667
81401 36.400000000000034 0 2016-10-10T05:00:00+02:00 5.4855 -54.031667
81408 34.900000000000034 0 2016-10-10T08:00:00+02:00 3.890667 -51.804667
81408 35.10000000000002 0 2016-10-08T20:00:00+02:00 3.890667 -51.804667
81408 35.10000000000002 0 2016-10-09T14:00:00+02:00 3.890667 -51.804667
81408 36.400000000000034 0 2016-09-27T23:00:00+02:00 3.890667 -51.804667
81401 36.60000000000002 0 2016-10-01T14:00:00+02:00 5.4855 -54.031667
81401 37.200000000000045 0 2016-10-05T08:00:00+02:00 5.4855 -54.031667
81408 35.900000000000034 0 2016-10-11T02:00:00+02:00 3.890667 -51.804667
81401 33.30000000000001 0 2016-10-12T08:00:00+02:00 5.4855 -54.031667
78922 29.80000000000001 0 2017-04-02T11:00:00+02:00 14.7745 -60.875333
81401 32.10000000000002 0 2017-04-02T17:00:00+02:00 5.4855 -54.031667
81401 32.10000000000002 0 2017-04-03T11:00:00+02:00 5.4855 -54.031667
78922 29.80000000000001 0 2017-04-03T14:00:00+02:00 14.7745 -60.875333
81415 32.80000000000001 0 2017-04-04T05:00:00+02:00 3.640167 -54.028333
81415 33.200000000000045 0 2017-04-01T17:00:00+02:00 3.640167 -54.028333
78922 29.80000000000001 0 2017-04-02T02:00:00+02:00 14.7745 -60.875333
78922 26.30000000000001 0 2017-03-11T22:00:00+01:00 14.7745 -60.875333
81408 31.600000000000023 0 2017-03-13T19:00:00+01:00 3.890667 -51.804667
78922 28.700000000000045 0 2017-03-13T22:00:00+01:00 14.7745 -60.875333
81401 31.700000000000045 0 2017-03-13T22:00:00+01:00 5.4855 -54.031667
81408 31.600000000000023 0 2017-03-13T22:00:00+01:00 3.890667 -51.804667
81401 32.10000000000002 0 2017-03-18T22:00:00+01:00 5.4855 -54.031667
81415 31.600000000000023 0 2017-03-18T22:00:00+01:00 3.640167 -54.028333
81401 28.600000000000023 0 2017-03-20T10:00:00+01:00 5.4855 -54.031667
81415 32.200000000000045 0 2017-03-20T16:00:00+01:00 3.640167 -54.028333
81401 31.900000000000034 0 2017-03-22T10:00:00+01:00 5.4855 -54.031667
81408 32.0 0 2017-03-23T22:00:00+01:00 3.890667 -51.804667
81415 33.0 0 2017-03-25T16:00:00+01:00 3.640167 -54.028333
81401 32.10000000000002 0 2017-03-26T14:00:00+02:00 5.4855 -54.031667
81401 33.5 0 2017-03-27T20:00:00+02:00 5.4855 -54.031667
81401 31.80000000000001 0 2017-03-30T08:00:00+02:00 5.4855 -54.031667
81408 26.600000000000023 0 2017-02-18T10:00:00+01:00 3.890667 -51.804667
81401 30.100000000000023 0 2017-02-18T13:00:00+01:00 5.4855 -54.031667
81408 32.10000000000002 0 2017-02-20T07:00:00+01:00 3.890667 -51.804667
81401 32.900000000000034 0 2017-02-21T01:00:00+01:00 5.4855 -54.031667
81408 29.30000000000001 0 2017-02-23T13:00:00+01:00 3.890667 -51.804667
81408 28.900000000000034 0 2017-02-24T10:00:00+01:00 3.890667 -51.804667
81415 29.5 0 2017-02-28T22:00:00+01:00 3.640167 -54.028333
81401 28.200000000000045 0 2017-03-01T16:00:00+01:00 5.4855 -54.031667
81408 29.5 0 2017-03-01T22:00:00+01:00 3.890667 -51.804667
81408 29.5 0 2017-03-02T07:00:00+01:00 3.890667 -51.804667
81408 31.200000000000045 0 2017-03-06T01:00:00+01:00 3.890667 -51.804667
81408 31.200000000000045 0 2017-03-06T07:00:00+01:00 3.890667 -51.804667
81401 30.80000000000001 0 2017-03-07T19:00:00+01:00 5.4855 -54.031667
78890 29.5 0 2017-02-17T10:00:00+01:00 16.335 -61.004
81408 30.400000000000034 0 2017-02-16T01:00:00+01:00 3.890667 -51.804667
81401 35.700000000000045 0 2016-10-20T23:00:00+02:00 5.4855 -54.031667
81408 36.0 0 2016-10-21T23:00:00+02:00 3.890667 -51.804667
78890 31.5 0 2016-10-22T05:00:00+02:00 16.335 -61.004
81408 36.0 0 2016-10-25T11:00:00+02:00 3.890667 -51.804667
81408 35.60000000000002 0 2016-10-27T20:00:00+02:00 3.890667 -51.804667
81408 35.400000000000034 0 2016-10-28T20:00:00+02:00 3.890667 -51.804667
78922 31.700000000000045 0 2016-10-29T08:00:00+02:00 14.7745 -60.875333
78890 31.200000000000045 0 2016-10-29T11:00:00+02:00 16.335 -61.004
81408 35.400000000000034 0 2016-10-30T13:00:00+01:00 3.890667 -51.804667
78922 32.700000000000045 0 2016-10-31T10:00:00+01:00 14.7745 -60.875333
78922 28.400000000000034 0 2016-12-18T22:00:00+01:00 14.7745 -60.875333
78922 28.30000000000001 0 2016-12-20T04:00:00+01:00 14.7745 -60.875333
81401 32.80000000000001 0 2016-12-27T04:00:00+01:00 5.4855 -54.031667
81415 32.700000000000045 0 2016-12-27T16:00:00+01:00 3.640167 -54.028333
81401 32.60000000000002 0 2016-12-27T19:00:00+01:00 5.4855 -54.031667
81408 35.900000000000034 0 2016-11-30T10:00:00+01:00 3.890667 -51.804667
81408 34.400000000000034 0 2016-12-05T01:00:00+01:00 3.890667 -51.804667
81401 34.5 0 2016-12-07T07:00:00+01:00 5.4855 -54.031667
78922 28.100000000000023 0 2016-12-09T07:00:00+01:00 14.7745 -60.875333
81401 32.700000000000045 0 2016-12-09T07:00:00+01:00 5.4855 -54.031667
81401 32.80000000000001 0 2016-12-09T19:00:00+01:00 5.4855 -54.031667
81401 32.80000000000001 0 2016-12-10T01:00:00+01:00 5.4855 -54.031667
81415 32.400000000000034 0 2016-12-11T13:00:00+01:00 3.640167 -54.028333
81401 30.100000000000023 0 2016-12-11T16:00:00+01:00 5.4855 -54.031667
78922 28.700000000000045 0 2016-12-12T19:00:00+01:00 14.7745 -60.875333
81408 31.400000000000034 0 2016-12-13T16:00:00+01:00 3.890667 -51.804667
81401 31.400000000000034 0 2016-12-13T22:00:00+01:00 5.4855 -54.031667
81415 32.5 0 2016-12-13T22:00:00+01:00 3.640167 -54.028333
81408 34.200000000000045 0 2016-11-23T01:00:00+01:00 3.890667 -51.804667
78922 28.30000000000001 0 2016-11-23T07:00:00+01:00 14.7745 -60.875333
78922 29.600000000000023 0 2016-11-26T04:00:00+01:00 14.7745 -60.875333
81408 34.400000000000034 0 2016-11-26T07:00:00+01:00 3.890667 -51.804667
81401 34.5 0 2016-11-27T16:00:00+01:00 5.4855 -54.031667
78922 29.600000000000023 0 2016-11-27T19:00:00+01:00 14.7745 -60.875333
81415 30.700000000000045 0 2016-12-28T13:00:00+01:00 3.640167 -54.028333
81408 31.700000000000045 0 2016-12-29T04:00:00+01:00 3.890667 -51.804667
78922 28.600000000000023 0 2016-12-30T04:00:00+01:00 14.7745 -60.875333
81408 32.200000000000045 0 2016-12-31T10:00:00+01:00 3.890667 -51.804667
81401 31.100000000000023 0 2017-01-02T04:00:00+01:00 5.4855 -54.031667
81415 32.5 0 2016-12-14T07:00:00+01:00 3.640167 -54.028333
78922 28.400000000000034 0 2016-12-14T19:00:00+01:00 14.7745 -60.875333
81401 32.200000000000045 0 2016-12-15T16:00:00+01:00 5.4855 -54.031667
81401 32.10000000000002 0 2016-12-17T01:00:00+01:00 5.4855 -54.031667
81401 30.200000000000045 0 2017-02-08T04:00:00+01:00 5.4855 -54.031667
81408 29.600000000000023 0 2017-02-12T04:00:00+01:00 3.890667 -51.804667
81415 31.0 0 2017-02-12T04:00:00+01:00 3.640167 -54.028333
81415 31.0 0 2017-02-12T10:00:00+01:00 3.640167 -54.028333
81401 31.0 0 2017-02-13T22:00:00+01:00 5.4855 -54.031667
81415 31.600000000000023 0 2017-02-14T16:00:00+01:00 3.640167 -54.028333
81408 31.200000000000045 0 2017-02-10T13:00:00+01:00 3.890667 -51.804667
78922 32.700000000000045 0 2017-05-14T11:00:00+02:00 14.7745 -60.875333
81401 31.600000000000023 0 2017-05-15T23:00:00+02:00 5.4855 -54.031667
81408 32.5 0 2017-05-16T20:00:00+02:00 3.890667 -51.804667
78922 29.80000000000001 0 2017-05-16T23:00:00+02:00 14.7745 -60.875333
81408 29.80000000000001 0 2017-05-19T05:00:00+02:00 3.890667 -51.804667
81408 32.0 0 2017-05-20T08:00:00+02:00 3.890667 -51.804667
81408 32.700000000000045 0 2017-05-22T05:00:00+02:00 3.890667 -51.804667
81408 32.5 0 2017-05-29T08:00:00+02:00 3.890667 -51.804667
81408 31.100000000000023 0 2017-05-30T05:00:00+02:00 3.890667 -51.804667
81401 31.200000000000045 0 2017-05-30T11:00:00+02:00 5.4855 -54.031667
81408 26.400000000000034 0 2017-06-01T08:00:00+02:00 3.890667 -51.804667
81408 32.10000000000002 0 2017-06-01T23:00:00+02:00 3.890667 -51.804667
81408 32.10000000000002 0 2017-06-02T11:00:00+02:00 3.890667 -51.804667
81408 32.10000000000002 0 2017-06-02T14:00:00+02:00 3.890667 -51.804667
81408 32.5 0 2017-06-04T02:00:00+02:00 3.890667 -51.804667
81408 32.5 0 2017-06-04T08:00:00+02:00 3.890667 -51.804667
78922 28.600000000000023 0 2017-06-04T11:00:00+02:00 14.7745 -60.875333
81401 32.80000000000001 0 2017-06-04T11:00:00+02:00 5.4855 -54.031667
78922 29.900000000000034 0 2017-06-04T23:00:00+02:00 14.7745 -60.875333
81415 33.900000000000034 0 2017-04-22T23:00:00+02:00 3.640167 -54.028333
78922 28.100000000000023 0 2017-04-23T14:00:00+02:00 14.7745 -60.875333
81408 31.5 0 2017-04-23T23:00:00+02:00 3.890667 -51.804667
81401 32.10000000000002 0 2017-04-26T08:00:00+02:00 5.4855 -54.031667
81415 33.5 0 2017-04-28T17:00:00+02:00 3.640167 -54.028333
81401 27.0 0 2017-04-30T08:00:00+02:00 5.4855 -54.031667
81401 30.80000000000001 0 2017-05-02T02:00:00+02:00 5.4855 -54.031667
81415 33.5 0 2017-05-02T05:00:00+02:00 3.640167 -54.028333
78922 29.5 0 2017-05-07T11:00:00+02:00 14.7745 -60.875333
81415 32.10000000000002 0 2017-05-09T02:00:00+02:00 3.640167 -54.028333
81408 29.400000000000034 0 2017-05-10T05:00:00+02:00 3.890667 -51.804667
78922 29.30000000000001 0 2017-05-12T05:00:00+02:00 14.7745 -60.875333
81408 30.600000000000023 0 2017-05-12T08:00:00+02:00 3.890667 -51.804667
78922 29.900000000000034 0 2017-06-05T14:00:00+02:00 14.7745 -60.875333
81415 33.5 0 2017-05-02T08:00:00+02:00 3.640167 -54.028333
81415 31.0 0 2017-05-03T02:00:00+02:00 3.640167 -54.028333
81408 32.900000000000034 0 2017-06-15T11:00:00+02:00 3.890667 -51.804667
81408 32.900000000000034 0 2017-06-15T17:00:00+02:00 3.890667 -51.804667
78925 31.80000000000001 0 2017-06-14T08:00:00+02:00 14.595333 -60.995667
78922 30.700000000000045 0 2017-06-14T11:00:00+02:00 14.7745 -60.875333
78922 30.700000000000045 0 2017-06-13T23:00:00+02:00 14.7745 -60.875333
81408 31.600000000000023 0 2017-06-18T02:00:00+02:00 3.890667 -51.804667
78922 30.700000000000045 0 2017-06-18T05:00:00+02:00 14.7745 -60.875333
81401 32.0 0 2017-06-09T20:00:00+02:00 5.4855 -54.031667
78922 30.400000000000034 0 2017-06-07T14:00:00+02:00 14.7745 -60.875333
81401 31.30000000000001 0 2017-06-10T17:00:00+02:00 5.4855 -54.031667
81401 30.200000000000045 0 2017-06-11T05:00:00+02:00 5.4855 -54.031667
78922 31.0 0 2017-06-11T14:00:00+02:00 14.7745 -60.875333
81401 33.30000000000001 0 2017-06-22T14:00:00+02:00 5.4855 -54.031667
81401 32.0 0 2017-06-22T20:00:00+02:00 5.4855 -54.031667
78922 30.600000000000023 0 2017-06-23T14:00:00+02:00 14.7745 -60.875333
81408 31.0 0 2016-01-04T19:00:00+01:00 3.890667 -51.804667
81408 30.30000000000001 0 2016-01-06T07:00:00+01:00 3.890667 -51.804667
81408 30.700000000000045 0 2016-01-07T01:00:00+01:00 3.890667 -51.804667
81408 31.80000000000001 0 2016-02-09T10:00:00+01:00 3.890667 -51.804667
81408 28.900000000000034 0 2016-02-14T13:00:00+01:00 3.890667 -51.804667
81408 32.900000000000034 0 2016-03-01T19:00:00+01:00 3.890667 -51.804667
81408 32.400000000000034 0 2016-03-02T22:00:00+01:00 3.890667 -51.804667
81408 32.400000000000034 0 2016-03-04T13:00:00+01:00 3.890667 -51.804667
81408 31.900000000000034 0 2016-03-07T01:00:00+01:00 3.890667 -51.804667
81408 32.10000000000002 0 2016-03-08T04:00:00+01:00 3.890667 -51.804667
81408 30.30000000000001 0 2016-03-11T01:00:00+01:00 3.890667 -51.804667
81408 30.30000000000001 0 2016-03-11T10:00:00+01:00 3.890667 -51.804667
81408 31.400000000000034 0 2016-03-16T01:00:00+01:00 3.890667 -51.804667
81408 27.200000000000045 0 2016-02-18T22:00:00+01:00 3.890667 -51.804667
81408 27.200000000000045 0 2016-02-19T01:00:00+01:00 3.890667 -51.804667
81408 29.0 0 2016-02-20T01:00:00+01:00 3.890667 -51.804667
81408 30.900000000000034 0 2016-02-22T16:00:00+01:00 3.890667 -51.804667
81408 28.30000000000001 0 2016-02-28T13:00:00+01:00 3.890667 -51.804667
81408 30.30000000000001 0 2016-02-28T16:00:00+01:00 3.890667 -51.804667
78922 31.5 0 2016-05-08T23:00:00+02:00 14.7745 -60.875333
81408 29.700000000000045 0 2016-05-17T05:00:00+02:00 3.890667 -51.804667
81408 32.80000000000001 0 2016-05-04T14:00:00+02:00 3.890667 -51.804667
81408 33.900000000000034 0 2016-05-04T23:00:00+02:00 3.890667 -51.804667
81408 33.900000000000034 0 2016-05-05T17:00:00+02:00 3.890667 -51.804667
81408 33.0 0 2016-04-16T02:00:00+02:00 3.890667 -51.804667
78922 30.5 0 2016-04-17T20:00:00+02:00 14.7745 -60.875333
81408 32.30000000000001 0 2016-04-18T23:00:00+02:00 3.890667 -51.804667
81408 32.30000000000001 0 2016-04-19T14:00:00+02:00 3.890667 -51.804667
81408 32.60000000000002 0 2016-04-20T11:00:00+02:00 3.890667 -51.804667
78922 31.400000000000034 0 2016-04-21T11:00:00+02:00 14.7745 -60.875333
81408 28.5 0 2016-01-01T10:00:00+01:00 3.890667 -51.804667
81408 30.30000000000001 0 2016-01-18T13:00:00+01:00 3.890667 -51.804667
81408 29.400000000000034 0 2016-01-19T13:00:00+01:00 3.890667 -51.804667
81408 29.900000000000034 0 2016-01-20T01:00:00+01:00 3.890667 -51.804667
81408 31.400000000000034 0 2016-01-20T22:00:00+01:00 3.890667 -51.804667
81408 30.900000000000034 0 2015-12-25T01:00:00+01:00 3.890667 -51.804667
78890 30.200000000000045 0 2017-01-26T16:00:00+01:00 16.335 -61.004
81408 31.30000000000001 0 2017-01-26T16:00:00+01:00 3.890667 -51.804667
81415 32.200000000000045 0 2017-01-26T19:00:00+01:00 3.640167 -54.028333
81408 28.400000000000034 0 2017-01-28T13:00:00+01:00 3.890667 -51.804667
78890 28.900000000000034 0 2017-01-29T01:00:00+01:00 16.335 -61.004
81401 30.200000000000045 0 2017-01-29T04:00:00+01:00 5.4855 -54.031667
81415 28.0 0 2017-01-30T16:00:00+01:00 3.640167 -54.028333
81401 30.0 0 2017-01-30T22:00:00+01:00 5.4855 -54.031667
81408 28.200000000000045 0 2017-01-30T22:00:00+01:00 3.890667 -51.804667
81408 28.5 0 2017-01-31T16:00:00+01:00 3.890667 -51.804667
81408 29.80000000000001 0 2017-02-01T04:00:00+01:00 3.890667 -51.804667
81415 31.900000000000034 0 2017-02-01T16:00:00+01:00 3.640167 -54.028333
81408 29.80000000000001 0 2017-02-08T07:00:00+01:00 3.890667 -51.804667
81415 29.200000000000045 0 2017-02-08T07:00:00+01:00 3.640167 -54.028333
81415 29.200000000000045 0 2017-02-08T16:00:00+01:00 3.640167 -54.028333
81401 35.900000000000034 0 2016-10-31T22:00:00+01:00 5.4855 -54.031667
81408 35.10000000000002 0 2016-11-01T19:00:00+01:00 3.890667 -51.804667
81401 36.10000000000002 0 2016-11-03T10:00:00+01:00 5.4855 -54.031667
81408 35.30000000000001 0 2016-11-08T13:00:00+01:00 3.890667 -51.804667
78890 30.900000000000034 0 2016-11-08T22:00:00+01:00 16.335 -61.004
81401 34.900000000000034 0 2016-11-11T04:00:00+01:00 5.4855 -54.031667
81408 35.30000000000001 0 2016-11-11T19:00:00+01:00 3.890667 -51.804667
81401 34.0 0 2016-11-13T04:00:00+01:00 5.4855 -54.031667
81408 33.80000000000001 0 2016-11-14T13:00:00+01:00 3.890667 -51.804667
81408 35.30000000000001 0 2016-11-16T04:00:00+01:00 3.890667 -51.804667
78922 31.30000000000001 0 2016-11-18T07:00:00+01:00 14.7745 -60.875333
78922 30.200000000000045 0 2016-11-18T22:00:00+01:00 14.7745 -60.875333
81408 35.5 0 2016-11-18T22:00:00+01:00 3.890667 -51.804667
78922 30.5 0 2016-11-21T16:00:00+01:00 14.7745 -60.875333
81408 34.400000000000034 0 2016-11-22T07:00:00+01:00 3.890667 -51.804667
78922 29.900000000000034 0 2016-11-22T13:00:00+01:00 14.7745 -60.875333
81401 30.30000000000001 0 2017-01-08T07:00:00+01:00 5.4855 -54.031667
81408 31.200000000000045 0 2017-01-09T10:00:00+01:00 3.890667 -51.804667
81401 32.10000000000002 0 2017-01-12T01:00:00+01:00 5.4855 -54.031667
81401 32.10000000000002 0 2017-01-12T16:00:00+01:00 5.4855 -54.031667
81415 31.400000000000034 0 2017-01-15T13:00:00+01:00 3.640167 -54.028333
81401 30.900000000000034 0 2017-01-16T10:00:00+01:00 5.4855 -54.031667
81408 30.30000000000001 0 2017-01-16T13:00:00+01:00 3.890667 -51.804667
81415 30.700000000000045 0 2017-01-17T16:00:00+01:00 3.640167 -54.028333
81401 27.5 0 2017-01-18T07:00:00+01:00 5.4855 -54.031667
81415 25.400000000000034 0 2017-01-19T01:00:00+01:00 3.640167 -54.028333
78890 28.900000000000034 0 2017-01-19T16:00:00+01:00 16.335 -61.004
81415 31.100000000000023 0 2017-01-19T19:00:00+01:00 3.640167 -54.028333
81415 32.0 0 2017-01-20T16:00:00+01:00 3.640167 -54.028333
81408 29.600000000000023 0 2017-01-21T01:00:00+01:00 3.890667 -51.804667
81415 33.200000000000045 0 2017-01-24T01:00:00+01:00 3.640167 -54.028333
81401 30.600000000000023 0 2017-01-25T01:00:00+01:00 5.4855 -54.031667
78890 30.100000000000023 0 2017-01-25T19:00:00+01:00 16.335 -61.004
81408 31.30000000000001 0 2017-01-26T07:00:00+01:00 3.890667 -51.804667
81408 34.700000000000045 0 2016-10-13T23:00:00+02:00 3.890667 -51.804667
81401 36.200000000000045 0 2016-10-18T05:00:00+02:00 5.4855 -54.031667
81408 28.0 0 2017-01-02T16:00:00+01:00 3.890667 -51.804667
81401 29.200000000000045 0 2017-01-03T04:00:00+01:00 5.4855 -54.031667
81401 32.5 0 2017-06-30T08:00:00+02:00 5.4855 -54.031667
81401 32.5 0 2017-06-30T17:00:00+02:00 5.4855 -54.031667
81401 32.900000000000034 0 2017-07-01T08:00:00+02:00 5.4855 -54.031667
81401 32.900000000000034 0 2017-07-01T17:00:00+02:00 5.4855 -54.031667
81401 34.200000000000045 0 2017-07-05T05:00:00+02:00 5.4855 -54.031667
81408 32.60000000000002 0 2017-07-06T14:00:00+02:00 3.890667 -51.804667
81401 33.30000000000001 0 2017-06-29T08:00:00+02:00 5.4855 -54.031667
81408 32.10000000000002 0 2017-06-25T14:00:00+02:00 3.890667 -51.804667
78922 30.200000000000045 0 2017-06-26T17:00:00+02:00 14.7745 -60.875333
81401 32.5 0 2017-06-27T02:00:00+02:00 5.4855 -54.031667
81408 27.0 0 2017-06-24T08:00:00+02:00 3.890667 -51.804667
81401 33.700000000000045 0 2017-08-23T14:00:00+02:00 5.4855 -54.031667
78890 32.200000000000045 0 2017-08-27T08:00:00+02:00 16.335 -61.004
81401 34.5 0 2017-08-25T02:00:00+02:00 5.4855 -54.031667
81401 33.700000000000045 0 2017-08-23T02:00:00+02:00 5.4855 -54.031667
81415 35.30000000000001 0 2017-08-23T08:00:00+02:00 3.640167 -54.028333
81415 34.60000000000002 0 2017-08-29T02:00:00+02:00 3.640167 -54.028333
81408 34.200000000000045 0 2017-08-29T11:00:00+02:00 3.890667 -51.804667
81415 33.80000000000001 0 2017-09-23T02:00:00+02:00 3.640167 -54.028333
81408 34.10000000000002 0 2017-09-23T20:00:00+02:00 3.890667 -51.804667
81401 33.30000000000001 0 2017-09-24T05:00:00+02:00 5.4855 -54.031667
81415 34.10000000000002 0 2017-09-26T23:00:00+02:00 3.640167 -54.028333
78922 30.600000000000023 0 2017-09-28T05:00:00+02:00 14.7745 -60.875333
78925 31.700000000000045 0 2017-09-28T08:00:00+02:00 14.595333 -60.995667
81401 34.5 0 2017-09-28T20:00:00+02:00 5.4855 -54.031667
81408 34.10000000000002 0 2017-09-30T11:00:00+02:00 3.890667 -51.804667
81415 34.400000000000034 0 2017-10-02T05:00:00+02:00 3.640167 -54.028333
81415 34.400000000000034 0 2017-10-03T05:00:00+02:00 3.640167 -54.028333
81408 34.0 0 2017-10-04T11:00:00+02:00 3.890667 -51.804667
81401 34.60000000000002 0 2017-10-05T20:00:00+02:00 5.4855 -54.031667
78922 31.100000000000023 0 2017-10-06T17:00:00+02:00 14.7745 -60.875333
81408 34.700000000000045 0 2017-10-06T20:00:00+02:00 3.890667 -51.804667
81408 34.700000000000045 0 2017-10-06T23:00:00+02:00 3.890667 -51.804667
78922 30.900000000000034 0 2017-10-08T05:00:00+02:00 14.7745 -60.875333
81415 34.200000000000045 0 2017-10-09T17:00:00+02:00 3.640167 -54.028333
78922 30.900000000000034 0 2017-10-10T02:00:00+02:00 14.7745 -60.875333
78922 30.900000000000034 0 2017-10-10T08:00:00+02:00 14.7745 -60.875333
81401 34.900000000000034 0 2017-10-10T17:00:00+02:00 5.4855 -54.031667
78922 31.5 0 2017-10-10T23:00:00+02:00 14.7745 -60.875333
81401 35.80000000000001 0 2017-09-04T14:00:00+02:00 5.4855 -54.031667
81415 33.5 0 2017-10-24T20:00:00+02:00 3.640167 -54.028333
78922 30.30000000000001 0 2017-10-20T23:00:00+02:00 14.7745 -60.875333
81415 33.5 0 2017-10-21T20:00:00+02:00 3.640167 -54.028333
81415 33.200000000000045 0 2017-10-22T08:00:00+02:00 3.640167 -54.028333
81401 34.30000000000001 0 2017-10-22T20:00:00+02:00 5.4855 -54.031667
81415 34.700000000000045 0 2017-10-23T05:00:00+02:00 3.640167 -54.028333
81415 34.30000000000001 0 2017-10-20T05:00:00+02:00 3.640167 -54.028333
81408 35.30000000000001 0 2017-10-17T17:00:00+02:00 3.890667 -51.804667
81401 34.200000000000045 0 2017-10-18T05:00:00+02:00 5.4855 -54.031667
81415 34.60000000000002 0 2017-09-19T17:00:00+02:00 3.640167 -54.028333
81415 34.5 0 2017-09-21T08:00:00+02:00 3.640167 -54.028333
81401 31.80000000000001 0 2017-12-17T01:00:00+01:00 5.4855 -54.031667
81408 30.5 0 2017-12-18T04:00:00+01:00 3.890667 -51.804667
78922 29.200000000000045 0 2017-12-19T16:00:00+01:00 14.7745 -60.875333
78922 29.200000000000045 0 2017-12-20T10:00:00+01:00 14.7745 -60.875333
81401 30.400000000000034 0 2017-12-21T16:00:00+01:00 5.4855 -54.031667
78922 29.600000000000023 0 2017-12-22T10:00:00+01:00 14.7745 -60.875333
81408 31.400000000000034 0 2017-12-23T13:00:00+01:00 3.890667 -51.804667
81408 28.0 0 2017-12-23T19:00:00+01:00 3.890667 -51.804667
81408 28.0 0 2017-12-23T22:00:00+01:00 3.890667 -51.804667
81415 31.100000000000023 0 2017-12-24T04:00:00+01:00 3.640167 -54.028333
81401 29.100000000000023 0 2017-12-24T19:00:00+01:00 5.4855 -54.031667
78922 28.700000000000045 0 2017-12-25T10:00:00+01:00 14.7745 -60.875333
81415 30.400000000000034 0 2017-12-25T16:00:00+01:00 3.640167 -54.028333
81415 30.0 0 2017-12-26T01:00:00+01:00 3.640167 -54.028333
78922 28.700000000000045 0 2017-12-27T10:00:00+01:00 14.7745 -60.875333
81408 31.200000000000045 0 2017-12-29T13:00:00+01:00 3.890667 -51.804667
81408 29.400000000000034 0 2017-12-30T04:00:00+01:00 3.890667 -51.804667
81401 31.600000000000023 0 2017-12-30T13:00:00+01:00 5.4855 -54.031667
81408 29.400000000000034 0 2017-12-30T13:00:00+01:00 3.890667 -51.804667
81408 30.600000000000023 0 2018-01-02T01:00:00+01:00 3.890667 -51.804667
81408 31.0 0 2018-01-04T01:00:00+01:00 3.890667 -51.804667
81401 31.30000000000001 0 2018-01-04T22:00:00+01:00 5.4855 -54.031667
78922 28.30000000000001 0 2018-01-06T19:00:00+01:00 14.7745 -60.875333
81415 34.0 0 2017-10-27T11:00:00+02:00 3.640167 -54.028333
81408 34.5 0 2017-10-28T17:00:00+02:00 3.890667 -51.804667
81408 34.900000000000034 0 2017-10-29T10:00:00+01:00 3.890667 -51.804667
81401 34.200000000000045 0 2017-10-30T04:00:00+01:00 5.4855 -54.031667
81401 33.700000000000045 0 2017-10-31T07:00:00+01:00 5.4855 -54.031667
78922 29.5 0 2017-11-02T13:00:00+01:00 14.7745 -60.875333
81408 33.30000000000001 0 2017-10-25T02:00:00+02:00 3.890667 -51.804667
81401 29.80000000000001 0 2018-02-25T13:00:00+01:00 5.4855 -54.031667
81408 28.5 0 2018-02-25T13:00:00+01:00 3.890667 -51.804667
78922 28.0 0 2018-02-26T01:00:00+01:00 14.7745 -60.875333
81415 31.100000000000023 0 2018-02-26T07:00:00+01:00 3.640167 -54.028333
81408 31.0 0 2018-02-28T16:00:00+01:00 3.890667 -51.804667
81415 31.30000000000001 0 2018-03-01T10:00:00+01:00 3.640167 -54.028333
81401 32.400000000000034 0 2018-03-01T13:00:00+01:00 5.4855 -54.031667
81415 33.30000000000001 0 2018-02-28T07:00:00+01:00 3.640167 -54.028333
78922 27.80000000000001 0 2018-02-28T10:00:00+01:00 14.7745 -60.875333
81415 32.30000000000001 0 2018-03-01T22:00:00+01:00 3.640167 -54.028333
81408 34.10000000000002 0 2017-09-07T05:00:00+02:00 3.890667 -51.804667
78922 31.30000000000001 0 2017-09-07T17:00:00+02:00 14.7745 -60.875333
78922 31.200000000000045 0 2017-09-08T11:00:00+02:00 14.7745 -60.875333
81415 34.200000000000045 0 2017-09-09T05:00:00+02:00 3.640167 -54.028333
78890 31.0 0 2017-09-09T20:00:00+02:00 16.335 -61.004
81401 36.400000000000034 0 2017-09-09T23:00:00+02:00 5.4855 -54.031667
81408 34.900000000000034 0 2017-09-09T23:00:00+02:00 3.890667 -51.804667
81415 34.10000000000002 0 2017-10-14T08:00:00+02:00 3.640167 -54.028333
81415 35.200000000000045 0 2017-10-13T17:00:00+02:00 3.640167 -54.028333
78922 34.400000000000034 0 2017-09-01T23:00:00+02:00 14.7745 -60.875333
78922 34.400000000000034 0 2017-09-02T05:00:00+02:00 14.7745 -60.875333
81408 35.10000000000002 0 2017-09-02T08:00:00+02:00 3.890667 -51.804667
81401 35.0 0 2017-09-02T14:00:00+02:00 5.4855 -54.031667
81415 35.400000000000034 0 2017-09-02T20:00:00+02:00 3.640167 -54.028333
78890 32.0 0 2017-09-03T08:00:00+02:00 16.335 -61.004
78890 32.0 0 2017-09-03T14:00:00+02:00 16.335 -61.004
81401 35.30000000000001 0 2017-10-12T23:00:00+02:00 5.4855 -54.031667
78925 29.400000000000034 0 2018-01-30T07:00:00+01:00 14.595333 -60.995667
81415 31.200000000000045 0 2018-01-31T01:00:00+01:00 3.640167 -54.028333
81408 29.200000000000045 0 2018-01-31T19:00:00+01:00 3.890667 -51.804667
81408 30.200000000000045 0 2018-02-03T01:00:00+01:00 3.890667 -51.804667
78922 29.0 0 2018-02-03T16:00:00+01:00 14.7745 -60.875333
81401 31.30000000000001 0 2018-02-03T22:00:00+01:00 5.4855 -54.031667
81408 31.700000000000045 0 2018-02-04T07:00:00+01:00 3.890667 -51.804667
81408 30.80000000000001 0 2018-02-06T04:00:00+01:00 3.890667 -51.804667
