7591 871.000000    44.565666 6.502333
7471 833.000000    45.074501 3.764000
7558 712.000000    44.118500 3.019500
7627 414.000000    43.005333 1.106833
7434 402.000000    45.861168 1.175000
7621 360.000000    43.188000 0.000000
7181 336.000000    48.581001 5.959833
7460 331.000000    45.786835 3.149333
7299 263.000000    47.614334 7.510000
7535 260.000000    44.744999 1.396667
7481 235.000000    45.726501 5.077833
7280 219.000000    47.267834 5.088333
7255 161.000000    47.059166 2.359833
7630 151.000000    43.620998 1.378833
7037 151.000000    49.382999 1.181667
7190 150.000000    48.549500 7.640333
61997 146.000000    -46.432499 51.856667
7139 143.000000    48.445499 0.110167
7335 123.000000    46.593834 0.314333
7661 115.000000    43.079334 5.940833
7168 112.000000    48.324669 4.020000
7240 108.000000    47.444500 0.727333
81415 106.000000    3.640167 -54.028332
7072 95.000000    49.209667 4.155333
7110 94.000000    48.444168 -4.412000
7149 89.000000    48.716831 2.384333
7577 73.000000    44.581165 4.733000
7005 69.000000    50.136002 1.834000
7027 67.000000    49.180000 -0.456167
7607 59.000000    43.909832 -0.500167
7117 55.000000    48.825832 -3.473167
7510 47.000000    44.830666 -0.691333
7015 47.000000    50.570000 3.097500
78894 44.000000    17.901501 -62.852165
89642 43.000000    -66.663170 140.001007
7747 42.000000    42.737167 2.872833
7130 36.000000    48.068832 -1.734000
7207 34.000000    47.294334 -3.218333
61998 29.000000    -49.352333 70.243332
78890 27.000000    16.334999 -61.004002
61996 27.000000    -37.795166 77.569168
78922 26.000000    14.774500 -60.875332
7222 26.000000    47.150002 -1.608833
71805 21.000000    46.766335 -56.179169
78897 11.000000    16.264000 -61.516335
7314 11.000000    46.046833 -1.411500
7790 10.000000    42.540668 9.485167
61970 9.000000    -17.054667 42.712002
7650 9.000000    43.437668 5.216000
61980 8.000000    -20.892500 55.528667
67005 7.000000    -12.805500 45.282833
61976 7.000000    -15.887667 54.520668
81408 6.000000    3.890667 -51.804668
61972 6.000000    -22.344168 40.340668
7020 6.000000    49.725166 -1.939833
81401 5.000000    5.485500 -54.031666
7761 5.000000    41.917999 8.792667
81405 4.000000    4.822333 -52.365334
78925 3.000000    14.595333 -60.995667
61968 3.000000    -11.582667 47.289665
7690 2.000000    43.648834 7.209000
7643 2.000000    43.577000 3.963167
