07558 2010-01-05T10:00:00+01:00 91870.0 0 44.1185 3.0195
07027 2010-01-05T13:00:00+01:00 99880.0 0 49.18 -0.456167
07110 2010-01-05T13:00:00+01:00 99580.0 0 48.444167 -4.412
07591 2010-01-05T13:00:00+01:00 89870.0 0 44.565667 6.502333
71805 2010-01-05T13:00:00+01:00 98920.0 0 46.766333 -56.179167
07015 2010-01-05T16:00:00+01:00 99900.0 0 50.57 3.0975
07149 2010-01-05T16:00:00+01:00 99410.0 0 48.716833 2.384333
81408 2010-01-05T16:00:00+01:00 101140.0 0 3.890667 -51.804667
89642 2010-01-05T16:00:00+01:00 99480.0 0 -66.663167 140.001
07020 2010-01-05T19:00:00+01:00 99950.0 0 49.725167 -1.939833
07761 2010-01-05T19:00:00+01:00 99380.0 0 41.918 8.792667
81405 2010-01-05T19:00:00+01:00 100950.0 0 4.822333 -52.365333
07168 2010-01-05T22:00:00+01:00 98940.0 0 48.324667 4.02
07607 2010-01-05T22:00:00+01:00 99900.0 0 43.909833 -0.500167
07650 2010-01-05T22:00:00+01:00 99620.0 0 43.437667 5.216
71805 2010-01-05T22:00:00+01:00 99140.0 0 46.766333 -56.179167
07149 2010-01-06T01:00:00+01:00 99220.0 0 48.716833 2.384333
07280 2010-01-06T04:00:00+01:00 97500.0 0 47.267833 5.088333
07434 2010-01-06T04:00:00+01:00 95560.0 0 45.861167 1.175
07020 2010-01-06T07:00:00+01:00 99560.0 0 49.725167 -1.939833
07117 2010-01-06T07:00:00+01:00 99090.0 0 48.825833 -3.473167
07168 2010-01-06T07:00:00+01:00 98900.0 0 48.324667 4.02
07690 2010-01-06T07:00:00+01:00 99400.0 0 43.648833 7.209
71805 2010-01-06T07:00:00+01:00 99320.0 0 46.766333 -56.179167
07168 2010-01-06T10:00:00+01:00 98950.0 0 48.324667 4.02
07181 2010-01-06T10:00:00+01:00 96180.0 0 48.581 5.959833
07222 2010-01-07T13:00:00+01:00 100830.0 0 47.15 -1.608833
07335 2010-01-07T13:00:00+01:00 99500.0 0 46.593833 0.314333
07222 2010-01-07T16:00:00+01:00 100860.0 0 47.15 -1.608833
07650 2010-01-07T16:00:00+01:00 100070.0 0 43.437667 5.216
07015 2010-01-07T22:00:00+01:00 100820.0 0 50.57 3.0975
07280 2010-01-07T22:00:00+01:00 98350.0 0 47.267833 5.088333
81405 2010-01-07T22:00:00+01:00 101050.0 0 4.822333 -52.365333
07020 2010-01-08T01:00:00+01:00 101550.0 0 49.725167 -1.939833
07207 2010-01-08T01:00:00+01:00 101120.0 0 47.294333 -3.218333
07621 2010-01-08T01:00:00+01:00 96390.0 0 43.188 0.0
07747 2010-01-08T01:00:00+01:00 99750.0 0 42.737167 2.872833
07434 2010-01-08T04:00:00+01:00 96070.0 0 45.861167 1.175
07314 2010-01-08T07:00:00+01:00 101090.0 0 46.046833 -1.4115
07015 2010-01-08T13:00:00+01:00 101380.0 0 50.57 3.0975
07110 2010-01-06T13:00:00+01:00 98820.0 0 48.444167 -4.412
07168 2010-01-06T16:00:00+01:00 98980.0 0 48.324667 4.02
07222 2010-01-06T16:00:00+01:00 99680.0 0 47.15 -1.608833
07630 2010-01-06T16:00:00+01:00 98580.0 0 43.621 1.378833
07015 2010-01-06T19:00:00+01:00 99890.0 0 50.57 3.0975
07481 2010-01-06T19:00:00+01:00 97600.0 0 45.7265 5.077833
07627 2010-01-06T22:00:00+01:00 95700.0 0 43.005333 1.106833
07510 2010-01-07T01:00:00+01:00 99820.0 0 44.830667 -0.691333
81408 2010-01-07T01:00:00+01:00 101040.0 0 3.890667 -51.804667
07434 2010-01-07T07:00:00+01:00 95630.0 0 45.861167 1.175
07690 2010-01-07T07:00:00+01:00 100230.0 0 43.648833 7.209
07015 2010-01-04T07:00:00+01:00 101500.0 0 50.57 3.0975
07020 2010-01-04T07:00:00+01:00 101940.0 0 49.725167 -1.939833
07335 2010-01-04T07:00:00+01:00 100050.0 0 46.593833 0.314333
07630 2010-01-04T07:00:00+01:00 99250.0 0 43.621 1.378833
07314 2010-01-04T10:00:00+01:00 101110.0 0 46.046833 -1.4115
71805 2010-01-04T16:00:00+01:00 98360.0 0 46.766333 -56.179167
07207 2010-01-04T19:00:00+01:00 100820.0 0 47.294333 -3.218333
07510 2010-01-04T19:00:00+01:00 100200.0 0 44.830667 -0.691333
07577 2010-01-04T19:00:00+01:00 100210.0 0 44.581167 4.733
07650 2010-01-04T19:00:00+01:00 100530.0 0 43.437667 5.216
07240 2010-01-04T22:00:00+01:00 99960.0 0 47.4445 0.727333
07577 2010-01-04T22:00:00+01:00 100190.0 0 44.581167 4.733
07117 2010-01-05T01:00:00+01:00 100670.0 0 48.825833 -3.473167
07130 2010-01-05T01:00:00+01:00 100840.0 0 48.068833 -1.734
07149 2010-01-05T01:00:00+01:00 100280.0 0 48.716833 2.384333
07190 2010-01-05T01:00:00+01:00 99450.0 0 48.5495 7.640333
07577 2010-01-05T01:00:00+01:00 100040.0 0 44.581167 4.733
07627 2010-01-05T01:00:00+01:00 95600.0 0 43.005333 1.106833
07577 2010-01-05T04:00:00+01:00 99850.0 0 44.581167 4.733
07027 2010-03-02T04:00:00+01:00 100920.0 0 49.18 -0.456167
78922 2010-03-02T04:00:00+01:00 101020.0 0 14.7745 -60.875333
07621 2010-03-02T07:00:00+01:00 97680.0 0 43.188 0.0
07690 2010-03-02T10:00:00+01:00 101590.0 0 43.648833 7.209
07240 2010-03-02T13:00:00+01:00 100840.0 0 47.4445 0.727333
07255 2010-03-02T13:00:00+01:00 100170.0 0 47.059167 2.359833
07627 2010-03-02T16:00:00+01:00 96750.0 0 43.005333 1.106833
07005 2010-03-02T19:00:00+01:00 101560.0 0 50.136 1.834
07149 2010-03-02T19:00:00+01:00 101220.0 0 48.716833 2.384333
07314 2010-03-02T22:00:00+01:00 101230.0 0 46.046833 -1.4115
07460 2010-03-02T22:00:00+01:00 97980.0 0 45.786833 3.149333
07510 2010-03-02T22:00:00+01:00 100690.0 0 44.830667 -0.691333
07471 2010-03-03T01:00:00+01:00 92020.0 0 45.0745 3.764
81408 2010-02-28T22:00:00+01:00 100920.0 0 3.890667 -51.804667
07149 2010-03-01T01:00:00+01:00 99720.0 0 48.716833 2.384333
07299 2010-03-01T01:00:00+01:00 97600.0 0 47.614333 7.51
07607 2010-03-01T01:00:00+01:00 100140.0 0 43.909833 -0.500167
07027 2010-03-01T04:00:00+01:00 100090.0 0 49.18 -0.456167
07255 2010-03-01T10:00:00+01:00 99210.0 0 47.059167 2.359833
07510 2010-03-01T10:00:00+01:00 100350.0 0 44.830667 -0.691333
07222 2010-03-01T16:00:00+01:00 100480.0 0 47.15 -1.608833
07299 2010-03-01T16:00:00+01:00 97930.0 0 47.614333 7.51
07630 2010-03-01T16:00:00+01:00 99560.0 0 43.621 1.378833
07747 2010-03-01T16:00:00+01:00 100790.0 0 42.737167 2.872833
07790 2010-03-01T16:00:00+01:00 100990.0 0 42.540667 9.485167
07207 2010-03-01T19:00:00+01:00 100580.0 0 47.294333 -3.218333
07280 2010-03-01T19:00:00+01:00 98680.0 0 47.267833 5.088333
07335 2010-03-01T19:00:00+01:00 99820.0 0 46.593833 0.314333
07607 2010-03-01T19:00:00+01:00 100840.0 0 43.909833 -0.500167
07005 2010-03-01T22:00:00+01:00 100620.0 0 50.136 1.834
07207 2010-03-01T22:00:00+01:00 100610.0 0 47.294333 -3.218333
07255 2010-03-01T22:00:00+01:00 99520.0 0 47.059167 2.359833
61976 2010-03-01T22:00:00+01:00 101280.0 0 -15.887667 54.520667
81401 2010-03-01T22:00:00+01:00 101060.0 0 5.4855 -54.031667
07790 2010-02-27T22:00:00+01:00 100840.0 0 42.540667 9.485167
07299 2010-02-28T04:00:00+01:00 95820.0 0 47.614333 7.51
89642 2010-02-28T04:00:00+01:00 97070.0 0 -66.663167 140.001
07510 2010-02-28T07:00:00+01:00 99280.0 0 44.830667 -0.691333
07207 2010-02-28T10:00:00+01:00 99190.0 0 47.294333 -3.218333
07790 2010-02-28T10:00:00+01:00 100160.0 0 42.540667 9.485167
07130 2010-02-28T13:00:00+01:00 99350.0 0 48.068833 -1.734
07240 2010-02-28T16:00:00+01:00 98810.0 0 47.4445 0.727333
07643 2010-02-28T16:00:00+01:00 100530.0 0 43.577 3.963167
07434 2010-02-28T19:00:00+01:00 96040.0 0 45.861167 1.175
07471 2010-02-28T19:00:00+01:00 91130.0 0 45.0745 3.764
07222 2010-02-23T16:00:00+01:00 99180.0 0 47.15 -1.608833
07661 2010-02-23T16:00:00+01:00 98480.0 0 43.079333 5.940833
07190 2010-02-23T22:00:00+01:00 98140.0 0 48.5495 7.640333
07621 2010-02-23T22:00:00+01:00 95880.0 0 43.188 0.0
07577 2010-02-24T01:00:00+01:00 99490.0 0 44.581167 4.733
07314 2010-02-24T04:00:00+01:00 99470.0 0 46.046833 -1.4115
07481 2010-02-24T04:00:00+01:00 97350.0 0 45.7265 5.077833
07027 2010-02-24T07:00:00+01:00 98520.0 0 49.18 -0.456167
07207 2010-02-24T07:00:00+01:00 98830.0 0 47.294333 -3.218333
07510 2010-02-24T07:00:00+01:00 99480.0 0 44.830667 -0.691333
07630 2010-02-24T10:00:00+01:00 98730.0 0 43.621 1.378833
81415 2010-02-24T10:00:00+01:00 99870.0 0 3.640167 -54.028333
07027 2010-02-24T16:00:00+01:00 98080.0 0 49.18 -0.456167
07181 2010-02-24T16:00:00+01:00 96000.0 0 48.581 5.959833
71805 2010-02-24T16:00:00+01:00 102800.0 0 46.766333 -56.179167
07222 2010-02-24T22:00:00+01:00 99590.0 0 47.15 -1.608833
07650 2010-02-25T01:00:00+01:00 100550.0 0 43.437667 5.216
81405 2010-02-25T01:00:00+01:00 101050.0 0 4.822333 -52.365333
07139 2010-02-25T10:00:00+01:00 97740.0 0 48.4455 0.110167
07335 2010-02-25T10:00:00+01:00 98190.0 0 46.593833 0.314333
07471 2010-02-25T10:00:00+01:00 90740.0 0 45.0745 3.764
07130 2010-02-25T13:00:00+01:00 98200.0 0 48.068833 -1.734
81408 2010-02-25T13:00:00+01:00 101150.0 0 3.890667 -51.804667
07015 2010-02-25T16:00:00+01:00 98440.0 0 50.57 3.0975
07790 2010-02-25T16:00:00+01:00 100570.0 0 42.540667 9.485167
07117 2010-02-25T19:00:00+01:00 97440.0 0 48.825833 -3.473167
07434 2010-02-25T19:00:00+01:00 94760.0 0 45.861167 1.175
07790 2010-02-25T22:00:00+01:00 100430.0 0 42.540667 9.485167
07020 2010-02-26T10:00:00+01:00 99360.0 0 49.725167 -1.939833
07535 2010-02-26T10:00:00+01:00 97690.0 0 44.745 1.396667
07027 2010-02-26T13:00:00+01:00 99110.0 0 49.18 -0.456167
07690 2010-02-26T13:00:00+01:00 99830.0 0 43.648833 7.209
71805 2010-02-26T19:00:00+01:00 102440.0 0 46.766333 -56.179167
07577 2010-02-26T22:00:00+01:00 100250.0 0 44.581167 4.733
81408 2010-02-26T22:00:00+01:00 100710.0 0 3.890667 -51.804667
07481 2010-02-27T01:00:00+01:00 98390.0 0 45.7265 5.077833
07037 2010-02-27T07:00:00+01:00 98360.0 0 49.383 1.181667
07661 2010-02-27T07:00:00+01:00 99530.0 0 43.079333 5.940833
07130 2010-02-27T10:00:00+01:00 99330.0 0 48.068833 -1.734
07139 2010-02-27T10:00:00+01:00 98360.0 0 48.4455 0.110167
07015 2010-02-27T16:00:00+01:00 99050.0 0 50.57 3.0975
07460 2010-02-27T19:00:00+01:00 95570.0 0 45.786833 3.149333
07005 2010-02-22T16:00:00+01:00 97320.0 0 50.136 1.834
07110 2010-02-22T16:00:00+01:00 97450.0 0 48.444167 -4.412
07434 2010-02-22T16:00:00+01:00 94640.0 0 45.861167 1.175
07607 2010-02-22T19:00:00+01:00 98710.0 0 43.909833 -0.500167
07130 2010-02-23T01:00:00+01:00 98300.0 0 48.068833 -1.734
07747 2010-02-23T01:00:00+01:00 99380.0 0 42.737167 2.872833
81415 2010-02-23T01:00:00+01:00 99940.0 0 3.640167 -54.028333
07240 2010-02-23T04:00:00+01:00 97800.0 0 47.4445 0.727333
61976 2010-02-23T07:00:00+01:00 101070.0 0 -15.887667 54.520667
07207 2010-02-23T10:00:00+01:00 98660.0 0 47.294333 -3.218333
07607 2010-02-23T10:00:00+01:00 99240.0 0 43.909833 -0.500167
07139 2010-02-23T13:00:00+01:00 97590.0 0 48.4455 0.110167
07181 2010-04-12T23:00:00+02:00 97510.0 0 48.581 5.959833
07280 2010-04-12T23:00:00+02:00 98680.0 0 47.267833 5.088333
07481 2010-04-12T23:00:00+02:00 98320.0 0 45.7265 5.077833
07510 2010-04-12T23:00:00+02:00 100830.0 0 44.830667 -0.691333
07577 2010-04-12T23:00:00+02:00 100320.0 0 44.581167 4.733
61976 2010-04-12T23:00:00+02:00 101320.0 0 -15.887667 54.520667
78922 2010-04-13T02:00:00+02:00 100740.0 0 14.7745 -60.875333
07690 2010-04-13T05:00:00+02:00 100690.0 0 43.648833 7.209
07037 2010-04-13T08:00:00+02:00 100090.0 0 49.383 1.181667
07299 2010-04-13T08:00:00+02:00 98200.0 0 47.614333 7.51
07621 2010-04-13T08:00:00+02:00 96970.0 0 43.188 0.0
07005 2010-04-13T11:00:00+02:00 101100.0 0 50.136 1.834
07335 2010-04-13T11:00:00+02:00 100230.0 0 46.593833 0.314333
89642 2010-04-13T11:00:00+02:00 96260.0 0 -66.663167 140.001
07015 2010-04-13T14:00:00+02:00 101330.0 0 50.57 3.0975
07510 2010-04-13T14:00:00+02:00 100850.0 0 44.830667 -0.691333
07117 2010-04-13T17:00:00+02:00 101470.0 0 48.825833 -3.473167
07577 2010-04-13T17:00:00+02:00 100290.0 0 44.581167 4.733
81405 2010-04-13T17:00:00+02:00 101120.0 0 4.822333 -52.365333
81415 2010-04-13T17:00:00+02:00 100060.0 0 3.640167 -54.028333
07005 2010-04-13T20:00:00+02:00 100920.0 0 50.136 1.834
07535 2010-04-13T20:00:00+02:00 98250.0 0 44.745 1.396667
07558 2010-04-07T11:00:00+02:00 93690.0 0 44.1185 3.0195
71805 2010-04-07T11:00:00+02:00 100390.0 0 46.766333 -56.179167
07335 2010-04-07T14:00:00+02:00 100610.0 0 46.593833 0.314333
07130 2010-04-07T17:00:00+02:00 101680.0 0 48.068833 -1.734
07591 2010-04-07T23:00:00+02:00 91890.0 0 44.565667 6.502333
07643 2010-04-07T23:00:00+02:00 102140.0 0 43.577 3.963167
81415 2010-04-07T23:00:00+02:00 99580.0 0 3.640167 -54.028333
07117 2010-04-08T02:00:00+02:00 102150.0 0 48.825833 -3.473167
07139 2010-04-08T02:00:00+02:00 100750.0 0 48.4455 0.110167
07255 2010-04-08T02:00:00+02:00 100410.0 0 47.059167 2.359833
07690 2010-04-08T02:00:00+02:00 101550.0 0 43.648833 7.209
07299 2010-04-08T05:00:00+02:00 98870.0 0 47.614333 7.51
07510 2010-04-08T05:00:00+02:00 101980.0 0 44.830667 -0.691333
07621 2010-04-08T05:00:00+02:00 98310.0 0 43.188 0.0
07168 2010-04-08T08:00:00+02:00 101010.0 0 48.324667 4.02
89642 2010-04-08T08:00:00+02:00 98240.0 0 -66.663167 140.001
07314 2010-04-08T11:00:00+02:00 102730.0 0 46.046833 -1.4115
07535 2010-04-08T11:00:00+02:00 99610.0 0 44.745 1.396667
07558 2010-04-08T11:00:00+02:00 93970.0 0 44.1185 3.0195
07222 2010-04-10T17:00:00+02:00 102260.0 0 47.15 -1.608833
07005 2010-04-10T20:00:00+02:00 102030.0 0 50.136 1.834
07471 2010-04-10T20:00:00+02:00 92470.0 0 45.0745 3.764
07510 2010-04-10T20:00:00+02:00 101370.0 0 44.830667 -0.691333
07335 2010-04-10T23:00:00+02:00 100930.0 0 46.593833 0.314333
71805 2010-04-10T23:00:00+02:00 100830.0 0 46.766333 -56.179167
07181 2010-04-11T05:00:00+02:00 98200.0 0 48.581 5.959833
07607 2010-04-11T05:00:00+02:00 100970.0 0 43.909833 -0.500167
07627 2010-04-11T05:00:00+02:00 96800.0 0 43.005333 1.106833
07690 2010-04-11T08:00:00+02:00 100640.0 0 43.648833 7.209
71805 2010-04-11T08:00:00+02:00 100940.0 0 46.766333 -56.179167
07607 2010-04-11T11:00:00+02:00 100860.0 0 43.909833 -0.500167
07607 2010-04-11T14:00:00+02:00 100630.0 0 43.909833 -0.500167
07117 2010-04-11T17:00:00+02:00 101710.0 0 48.825833 -3.473167
07558 2010-04-11T23:00:00+02:00 92810.0 0 44.1185 3.0195
07661 2010-04-11T23:00:00+02:00 99490.0 0 43.079333 5.940833
07037 2010-04-12T02:00:00+02:00 100490.0 0 49.383 1.181667
07335 2010-04-12T02:00:00+02:00 100290.0 0 46.593833 0.314333
78922 2010-04-12T02:00:00+02:00 100800.0 0 14.7745 -60.875333
07434 2010-04-12T08:00:00+02:00 96660.0 0 45.861167 1.175
07630 2010-04-12T08:00:00+02:00 99200.0 0 43.621 1.378833
07335 2010-04-12T17:00:00+02:00 100130.0 0 46.593833 0.314333
81405 2010-04-12T17:00:00+02:00 101030.0 0 4.822333 -52.365333
81415 2010-04-09T14:00:00+02:00 100210.0 0 3.640167 -54.028333
07190 2010-04-09T17:00:00+02:00 101100.0 0 48.5495 7.640333
07280 2010-04-09T17:00:00+02:00 100040.0 0 47.267833 5.088333
07335 2010-04-09T17:00:00+02:00 101420.0 0 46.593833 0.314333
81415 2010-04-09T17:00:00+02:00 100140.0 0 3.640167 -54.028333
81401 2010-04-09T20:00:00+02:00 101000.0 0 5.4855 -54.031667
07190 2010-04-09T23:00:00+02:00 101240.0 0 48.5495 7.640333
07661 2010-04-10T02:00:00+02:00 100790.0 0 43.079333 5.940833
07005 2010-04-10T05:00:00+02:00 102360.0 0 50.136 1.834
71805 2010-04-10T05:00:00+02:00 102370.0 0 46.766333 -56.179167
07607 2010-04-10T08:00:00+02:00 101850.0 0 43.909833 -0.500167
07037 2010-04-10T11:00:00+02:00 101400.0 0 49.383 1.181667
07335 2010-04-10T11:00:00+02:00 101420.0 0 46.593833 0.314333
07643 2010-04-10T11:00:00+02:00 102250.0 0 43.577 3.963167
07460 2010-04-10T14:00:00+02:00 98650.0 0 45.786833 3.149333
07690 2010-04-10T14:00:00+02:00 101680.0 0 43.648833 7.209
89642 2010-04-10T14:00:00+02:00 98420.0 0 -66.663167 140.001
07168 2010-04-06T11:00:00+02:00 100810.0 0 48.324667 4.02
81415 2010-04-06T11:00:00+02:00 99790.0 0 3.640167 -54.028333
07558 2010-04-06T17:00:00+02:00 93540.0 0 44.1185 3.0195
81415 2010-04-06T20:00:00+02:00 99710.0 0 3.640167 -54.028333
07181 2010-04-06T23:00:00+02:00 97660.0 0 48.581 5.959833
07747 2010-04-06T23:00:00+02:00 101320.0 0 42.737167 2.872833
07005 2010-04-07T02:00:00+02:00 100510.0 0 50.136 1.834
07037 2010-04-07T02:00:00+02:00 99570.0 0 49.383 1.181667
07661 2010-04-07T05:00:00+02:00 100310.0 0 43.079333 5.940833
07535 2010-04-07T08:00:00+02:00 98820.0 0 44.745 1.396667
07577 2010-04-07T08:00:00+02:00 101070.0 0 44.581167 4.733
07747 2010-04-08T20:00:00+02:00 101890.0 0 42.737167 2.872833
07661 2010-04-08T23:00:00+02:00 100490.0 0 43.079333 5.940833
07535 2010-04-09T02:00:00+02:00 99610.0 0 44.745 1.396667
07630 2010-04-09T02:00:00+02:00 100950.0 0 43.621 1.378833
71805 2010-04-09T02:00:00+02:00 100970.0 0 46.766333 -56.179167
07510 2010-04-09T05:00:00+02:00 102150.0 0 44.830667 -0.691333
07299 2010-04-09T11:00:00+02:00 99690.0 0 47.614333 7.51
07005 2010-04-30T08:00:00+02:00 100310.0 0 50.136 1.834
81408 2010-04-30T08:00:00+02:00 101050.0 0 3.890667 -51.804667
07015 2010-04-30T14:00:00+02:00 100670.0 0 50.57 3.0975
07314 2010-04-30T14:00:00+02:00 101390.0 0 46.046833 -1.4115
07481 2010-04-30T17:00:00+02:00 98550.0 0 45.7265 5.077833
07510 2010-04-30T17:00:00+02:00 100840.0 0 44.830667 -0.691333
07027 2010-04-30T20:00:00+02:00 100490.0 0 49.18 -0.456167
07630 2010-04-30T20:00:00+02:00 99570.0 0 43.621 1.378833
07181 2010-04-30T23:00:00+02:00 97310.0 0 48.581 5.959833
07168 2010-04-27T23:00:00+02:00 101260.0 0 48.324667 4.02
07222 2010-04-27T23:00:00+02:00 102170.0 0 47.15 -1.608833
07460 2010-04-27T23:00:00+02:00 98680.0 0 45.786833 3.149333
07761 2010-04-28T02:00:00+02:00 102100.0 0 41.918 8.792667
07027 2010-04-28T05:00:00+02:00 101590.0 0 49.18 -0.456167
07471 2010-04-28T05:00:00+02:00 92850.0 0 45.0745 3.764
07481 2010-04-28T05:00:00+02:00 99550.0 0 45.7265 5.077833
07460 2010-04-28T08:00:00+02:00 98560.0 0 45.786833 3.149333
07661 2010-04-28T08:00:00+02:00 100790.0 0 43.079333 5.940833
07790 2010-04-28T08:00:00+02:00 102220.0 0 42.540667 9.485167
07149 2010-04-28T11:00:00+02:00 101320.0 0 48.716833 2.384333
07510 2010-04-28T14:00:00+02:00 101350.0 0 44.830667 -0.691333
07577 2010-04-28T14:00:00+02:00 101430.0 0 44.581167 4.733
07790 2010-04-28T14:00:00+02:00 102230.0 0 42.540667 9.485167
07005 2010-04-28T17:00:00+02:00 101080.0 0 50.136 1.834
07037 2010-04-28T17:00:00+02:00 100160.0 0 49.383 1.181667
07255 2010-04-28T17:00:00+02:00 100060.0 0 47.059167 2.359833
07650 2010-04-28T20:00:00+02:00 101870.0 0 43.437667 5.216
07015 2010-04-28T23:00:00+02:00 101220.0 0 50.57 3.0975
07643 2010-04-29T02:00:00+02:00 102150.0 0 43.577 3.963167
07037 2010-04-29T05:00:00+02:00 99720.0 0 49.383 1.181667
07621 2010-04-29T05:00:00+02:00 97280.0 0 43.188 0.0
07168 2010-04-29T08:00:00+02:00 100230.0 0 48.324667 4.02
07535 2010-04-29T08:00:00+02:00 98540.0 0 44.745 1.396667
07110 2010-04-29T11:00:00+02:00 100040.0 0 48.444167 -4.412
07535 2010-04-29T11:00:00+02:00 98580.0 0 44.745 1.396667
07149 2010-04-29T14:00:00+02:00 100110.0 0 48.716833 2.384333
07110 2010-04-29T17:00:00+02:00 100000.0 0 48.444167 -4.412
07190 2010-04-29T20:00:00+02:00 99270.0 0 48.5495 7.640333
81405 2010-04-29T20:00:00+02:00 101020.0 0 4.822333 -52.365333
07139 2010-04-29T23:00:00+02:00 99490.0 0 48.4455 0.110167
07027 2010-04-30T02:00:00+02:00 100420.0 0 49.18 -0.456167
07535 2010-04-26T20:00:00+02:00 99330.0 0 44.745 1.396667
07037 2010-04-27T02:00:00+02:00 101020.0 0 49.383 1.181667
07630 2010-04-27T02:00:00+02:00 100660.0 0 43.621 1.378833
07761 2010-04-27T02:00:00+02:00 101880.0 0 41.918 8.792667
07149 2010-04-27T05:00:00+02:00 101760.0 0 48.716833 2.384333
07460 2010-04-27T05:00:00+02:00 98720.0 0 45.786833 3.149333
07280 2010-04-27T08:00:00+02:00 99920.0 0 47.267833 5.088333
07240 2010-04-27T11:00:00+02:00 101480.0 0 47.4445 0.727333
07607 2010-04-27T11:00:00+02:00 101790.0 0 43.909833 -0.500167
81408 2010-04-27T11:00:00+02:00 101040.0 0 3.890667 -51.804667
07139 2010-04-27T17:00:00+02:00 100940.0 0 48.4455 0.110167
07149 2010-04-27T17:00:00+02:00 101610.0 0 48.716833 2.384333
07460 2010-04-27T17:00:00+02:00 98580.0 0 45.786833 3.149333
07005 2010-04-27T20:00:00+02:00 101760.0 0 50.136 1.834
07130 2010-04-27T20:00:00+02:00 101970.0 0 48.068833 -1.734
07255 2010-04-27T20:00:00+02:00 100560.0 0 47.059167 2.359833
71805 2010-04-27T20:00:00+02:00 99400.0 0 46.766333 -56.179167
89642 2010-04-27T20:00:00+02:00 97700.0 0 -66.663167 140.001
07460 2010-04-25T20:00:00+02:00 98520.0 0 45.786833 3.149333
07621 2010-04-25T23:00:00+02:00 98380.0 0 43.188 0.0
07015 2010-04-26T02:00:00+02:00 101800.0 0 50.57 3.0975
07149 2010-04-26T02:00:00+02:00 101500.0 0 48.716833 2.384333
07335 2010-04-26T02:00:00+02:00 101300.0 0 46.593833 0.314333
07558 2010-04-26T02:00:00+02:00 94240.0 0 44.1185 3.0195
07661 2010-04-26T02:00:00+02:00 100580.0 0 43.079333 5.940833
07591 2010-04-26T05:00:00+02:00 92300.0 0 44.565667 6.502333
07621 2010-04-26T05:00:00+02:00 98400.0 0 43.188 0.0
07314 2010-04-26T08:00:00+02:00 102550.0 0 46.046833 -1.4115
07661 2010-04-26T08:00:00+02:00 100580.0 0 43.079333 5.940833
07577 2010-04-26T11:00:00+02:00 101560.0 0 44.581167 4.733
07650 2010-04-26T11:00:00+02:00 101890.0 0 43.437667 5.216
07621 2010-04-26T14:00:00+02:00 98340.0 0 43.188 0.0
71805 2010-04-26T17:00:00+02:00 100480.0 0 46.766333 -56.179167
07460 2010-04-26T20:00:00+02:00 98640.0 0 45.786833 3.149333
07255 2010-04-24T17:00:00+02:00 99760.0 0 47.059167 2.359833
07280 2010-04-24T17:00:00+02:00 98990.0 0 47.267833 5.088333
07510 2010-04-24T20:00:00+02:00 101130.0 0 44.830667 -0.691333
07643 2010-04-24T23:00:00+02:00 101850.0 0 43.577 3.963167
07558 2010-04-25T05:00:00+02:00 93800.0 0 44.1185 3.0195
89642 2010-04-25T05:00:00+02:00 98180.0 0 -66.663167 140.001
07790 2010-04-25T08:00:00+02:00 101900.0 0 42.540667 9.485167
07761 2010-04-25T14:00:00+02:00 102040.0 0 41.918 8.792667
07190 2010-04-25T17:00:00+02:00 100260.0 0 48.5495 7.640333
07481 2010-04-25T17:00:00+02:00 99300.0 0 45.7265 5.077833
07314 2010-03-21T22:00:00+01:00 102140.0 0 46.046833 -1.4115
78922 2010-03-21T22:00:00+01:00 101150.0 0 14.7745 -60.875333
89642 2010-03-21T22:00:00+01:00 98020.0 0 -66.663167 140.001
07471 2010-03-22T04:00:00+01:00 92440.0 0 45.0745 3.764
07168 2010-03-22T07:00:00+01:00 100860.0 0 48.324667 4.02
07621 2010-03-22T07:00:00+01:00 97720.0 0 43.188 0.0
07255 2010-03-22T13:00:00+01:00 100150.0 0 47.059167 2.359833
07314 2010-03-22T16:00:00+01:00 102020.0 0 46.046833 -1.4115
07591 2010-03-22T16:00:00+01:00 91810.0 0 44.565667 6.502333
07627 2010-03-22T16:00:00+01:00 97270.0 0 43.005333 1.106833
07240 2010-03-22T19:00:00+01:00 100720.0 0 47.4445 0.727333
07314 2010-03-22T19:00:00+01:00 102010.0 0 46.046833 -1.4115
07761 2010-03-22T19:00:00+01:00 101740.0 0 41.918 8.792667
07790 2010-03-22T19:00:00+01:00 101820.0 0 42.540667 9.485167
07015 2010-05-08T17:00:00+02:00 100450.0 0 50.57 3.0975
07149 2010-05-08T17:00:00+02:00 99760.0 0 48.716833 2.384333
07168 2010-05-08T17:00:00+02:00 99440.0 0 48.324667 4.02
07240 2010-05-08T17:00:00+02:00 99500.0 0 47.4445 0.727333
07535 2010-05-08T17:00:00+02:00 97690.0 0 44.745 1.396667
07434 2010-05-08T20:00:00+02:00 96100.0 0 45.861167 1.175
07643 2010-05-08T20:00:00+02:00 100850.0 0 43.577 3.963167
07110 2010-05-08T23:00:00+02:00 99970.0 0 48.444167 -4.412
07117 2010-05-09T02:00:00+02:00 100390.0 0 48.825833 -3.473167
81408 2010-05-09T02:00:00+02:00 101060.0 0 3.890667 -51.804667
07110 2010-05-09T05:00:00+02:00 99770.0 0 48.444167 -4.412
07130 2010-05-09T05:00:00+02:00 100400.0 0 48.068833 -1.734
07510 2010-05-09T05:00:00+02:00 99860.0 0 44.830667 -0.691333
71805 2010-05-09T05:00:00+02:00 100500.0 0 46.766333 -56.179167
07020 2010-05-09T08:00:00+02:00 101100.0 0 49.725167 -1.939833
07020 2010-05-09T14:00:00+02:00 100990.0 0 49.725167 -1.939833
07335 2010-05-09T14:00:00+02:00 99160.0 0 46.593833 0.314333
07434 2010-05-09T14:00:00+02:00 95790.0 0 45.861167 1.175
07690 2010-05-09T14:00:00+02:00 100900.0 0 43.648833 7.209
07110 2010-05-09T17:00:00+02:00 99580.0 0 48.444167 -4.412
07240 2010-05-09T17:00:00+02:00 99190.0 0 47.4445 0.727333
07591 2010-05-09T17:00:00+02:00 91020.0 0 44.565667 6.502333
07607 2010-05-09T17:00:00+02:00 99520.0 0 43.909833 -0.500167
81405 2010-05-09T17:00:00+02:00 101200.0 0 4.822333 -52.365333
07650 2010-05-09T20:00:00+02:00 100300.0 0 43.437667 5.216
07661 2010-05-09T20:00:00+02:00 99290.0 0 43.079333 5.940833
07471 2010-05-09T23:00:00+02:00 90990.0 0 45.0745 3.764
07037 2010-05-10T02:00:00+02:00 99040.0 0 49.383 1.181667
81415 2010-05-10T02:00:00+02:00 100030.0 0 3.640167 -54.028333
07005 2010-05-10T05:00:00+02:00 99970.0 0 50.136 1.834
07661 2010-05-10T05:00:00+02:00 99150.0 0 43.079333 5.940833
07314 2010-05-10T08:00:00+02:00 100050.0 0 46.046833 -1.4115
78922 2010-05-10T11:00:00+02:00 100890.0 0 14.7745 -60.875333
07761 2010-05-10T14:00:00+02:00 100780.0 0 41.918 8.792667
07621 2010-05-10T17:00:00+02:00 96190.0 0 43.188 0.0
07627 2010-05-10T17:00:00+02:00 95600.0 0 43.005333 1.106833
07168 2010-05-10T20:00:00+02:00 99200.0 0 48.324667 4.02
07207 2010-05-10T20:00:00+02:00 100060.0 0 47.294333 -3.218333
07020 2010-05-10T23:00:00+02:00 101010.0 0 49.725167 -1.939833
07037 2010-05-10T23:00:00+02:00 99130.0 0 49.383 1.181667
07130 2010-05-11T02:00:00+02:00 100250.0 0 48.068833 -1.734
07190 2010-05-11T02:00:00+02:00 98930.0 0 48.5495 7.640333
07460 2010-05-11T02:00:00+02:00 96660.0 0 45.786833 3.149333
07761 2010-05-11T11:00:00+02:00 100530.0 0 41.918 8.792667
07643 2010-05-11T14:00:00+02:00 100360.0 0 43.577 3.963167
71805 2010-05-11T14:00:00+02:00 102120.0 0 46.766333 -56.179167
07240 2010-05-11T17:00:00+02:00 99490.0 0 47.4445 0.727333
07690 2010-05-11T17:00:00+02:00 100250.0 0 43.648833 7.209
07790 2010-05-11T20:00:00+02:00 100550.0 0 42.540667 9.485167
81405 2010-05-07T17:00:00+02:00 101210.0 0 4.822333 -52.365333
07314 2010-05-07T20:00:00+02:00 100390.0 0 46.046833 -1.4115
07471 2010-05-07T20:00:00+02:00 91060.0 0 45.0745 3.764
07661 2010-05-07T20:00:00+02:00 99290.0 0 43.079333 5.940833
07255 2010-05-07T23:00:00+02:00 98800.0 0 47.059167 2.359833
81401 2010-05-07T23:00:00+02:00 100930.0 0 5.4855 -54.031667
07510 2010-05-08T02:00:00+02:00 99990.0 0 44.830667 -0.691333
07535 2010-05-08T05:00:00+02:00 97540.0 0 44.745 1.396667
81401 2010-05-08T05:00:00+02:00 101170.0 0 5.4855 -54.031667
07558 2010-05-08T08:00:00+02:00 92430.0 0 44.1185 3.0195
07747 2010-05-08T08:00:00+02:00 100060.0 0 42.737167 2.872833
07761 2010-05-08T08:00:00+02:00 100970.0 0 41.918 8.792667
07139 2010-05-08T11:00:00+02:00 99190.0 0 48.4455 0.110167
07280 2010-05-08T11:00:00+02:00 98200.0 0 47.267833 5.088333
07020 2010-05-08T14:00:00+02:00 101080.0 0 49.725167 -1.939833
81408 2010-05-11T20:00:00+02:00 100820.0 0 3.890667 -51.804667
07621 2010-05-11T23:00:00+02:00 96670.0 0 43.188 0.0
07761 2010-05-11T23:00:00+02:00 100760.0 0 41.918 8.792667
07015 2010-05-12T02:00:00+02:00 100450.0 0 50.57 3.0975
07222 2010-05-12T02:00:00+02:00 100850.0 0 47.15 -1.608833
07558 2010-05-12T02:00:00+02:00 92550.0 0 44.1185 3.0195
89642 2010-05-12T02:00:00+02:00 98950.0 0 -66.663167 140.001
81401 2010-05-12T08:00:00+02:00 100940.0 0 5.4855 -54.031667
71805 2010-05-12T11:00:00+02:00 101150.0 0 46.766333 -56.179167
07005 2010-05-12T14:00:00+02:00 100440.0 0 50.136 1.834
07130 2010-05-12T14:00:00+02:00 100870.0 0 48.068833 -1.734
07471 2010-05-12T17:00:00+02:00 91210.0 0 45.0745 3.764
07643 2010-05-12T17:00:00+02:00 100500.0 0 43.577 3.963167
07027 2010-05-12T20:00:00+02:00 100680.0 0 49.18 -0.456167
07149 2010-05-12T20:00:00+02:00 100240.0 0 48.716833 2.384333
07037 2010-05-12T23:00:00+02:00 99640.0 0 49.383 1.181667
07434 2010-05-12T23:00:00+02:00 96380.0 0 45.861167 1.175
07117 2010-05-13T02:00:00+02:00 100910.0 0 48.825833 -3.473167
07240 2010-05-13T02:00:00+02:00 100020.0 0 47.4445 0.727333
07690 2010-05-13T02:00:00+02:00 100330.0 0 43.648833 7.209
07747 2010-05-13T02:00:00+02:00 100360.0 0 42.737167 2.872833
07149 2010-05-13T05:00:00+02:00 100290.0 0 48.716833 2.384333
07168 2010-05-13T05:00:00+02:00 99860.0 0 48.324667 4.02
07535 2010-05-13T05:00:00+02:00 97970.0 0 44.745 1.396667
71805 2010-05-13T08:00:00+02:00 101310.0 0 46.766333 -56.179167
07130 2010-05-13T11:00:00+02:00 101050.0 0 48.068833 -1.734
89642 2010-05-13T11:00:00+02:00 98580.0 0 -66.663167 140.001
07607 2010-05-13T14:00:00+02:00 100610.0 0 43.909833 -0.500167
78922 2010-05-13T14:00:00+02:00 101070.0 0 14.7745 -60.875333
07005 2010-05-13T17:00:00+02:00 100570.0 0 50.136 1.834
07020 2010-05-13T17:00:00+02:00 101500.0 0 49.725167 -1.939833
07335 2010-05-13T17:00:00+02:00 99900.0 0 46.593833 0.314333
07130 2010-05-13T20:00:00+02:00 100910.0 0 48.068833 -1.734
07661 2010-05-13T20:00:00+02:00 99220.0 0 43.079333 5.940833
07690 2010-05-13T20:00:00+02:00 100340.0 0 43.648833 7.209
81408 2010-05-13T20:00:00+02:00 100930.0 0 3.890667 -51.804667
07117 2010-05-13T23:00:00+02:00 100740.0 0 48.825833 -3.473167
07747 2010-05-13T23:00:00+02:00 100720.0 0 42.737167 2.872833
81415 2010-05-13T23:00:00+02:00 99860.0 0 3.640167 -54.028333
07130 2010-05-14T02:00:00+02:00 100880.0 0 48.068833 -1.734
07747 2010-05-14T02:00:00+02:00 100630.0 0 42.737167 2.872833
78922 2010-05-14T05:00:00+02:00 101200.0 0 14.7745 -60.875333
81405 2010-05-14T05:00:00+02:00 101250.0 0 4.822333 -52.365333
07020 2010-05-14T08:00:00+02:00 101010.0 0 49.725167 -1.939833
07577 2010-05-14T08:00:00+02:00 99990.0 0 44.581167 4.733
07790 2010-05-14T08:00:00+02:00 100610.0 0 42.540667 9.485167
07577 2010-05-14T11:00:00+02:00 100030.0 0 44.581167 4.733
07149 2010-05-14T14:00:00+02:00 100230.0 0 48.716833 2.384333
07577 2010-05-14T14:00:00+02:00 99960.0 0 44.581167 4.733
81408 2010-05-14T14:00:00+02:00 101250.0 0 3.890667 -51.804667
07661 2010-05-14T17:00:00+02:00 98890.0 0 43.079333 5.940833
81405 2010-05-14T17:00:00+02:00 101330.0 0 4.822333 -52.365333
81408 2010-05-14T17:00:00+02:00 101200.0 0 3.890667 -51.804667
81415 2010-05-14T17:00:00+02:00 100150.0 0 3.640167 -54.028333
07130 2010-05-14T20:00:00+02:00 100690.0 0 48.068833 -1.734
07015 2010-05-14T23:00:00+02:00 100840.0 0 50.57 3.0975
07027 2010-05-14T23:00:00+02:00 100540.0 0 49.18 -0.456167
07761 2010-05-14T23:00:00+02:00 100340.0 0 41.918 8.792667
81415 2010-02-17T04:00:00+01:00 100000.0 0 3.640167 -54.028333
07020 2010-02-17T07:00:00+01:00 98850.0 0 49.725167 -1.939833
07471 2010-02-17T07:00:00+01:00 89540.0 0 45.0745 3.764
07510 2010-02-17T10:00:00+01:00 98310.0 0 44.830667 -0.691333
07747 2010-02-17T10:00:00+01:00 98360.0 0 42.737167 2.872833
89642 2010-02-17T10:00:00+01:00 98670.0 0 -66.663167 140.001
07130 2010-02-17T13:00:00+01:00 98480.0 0 48.068833 -1.734
07240 2010-02-17T13:00:00+01:00 97640.0 0 47.4445 0.727333
07690 2010-02-17T13:00:00+01:00 99470.0 0 43.648833 7.209
81408 2010-02-17T16:00:00+01:00 101080.0 0 3.890667 -51.804667
81415 2010-02-17T16:00:00+01:00 100040.0 0 3.640167 -54.028333
