07558 2010-01-05T10:00:00+01:00 2.6000000000000227 0 44.1185 3.0195
61976 2010-01-05T10:00:00+01:00 32.30000000000001 0 -15.887667 54.520667
07027 2010-01-05T13:00:00+01:00 0.5 0 49.18 -0.456167
07110 2010-01-05T13:00:00+01:00 3.8000000000000114 0 48.444167 -4.412
07591 2010-01-05T13:00:00+01:00 1.3000000000000114 0 44.565667 6.502333
71805 2010-01-05T13:00:00+01:00 1.900000000000034 0 46.766333 -56.179167
78925 2010-01-05T13:00:00+01:00 25.900000000000034 0 14.595333 -60.995667
07015 2010-01-05T16:00:00+01:00 1.7000000000000455 0 50.57 3.0975
07149 2010-01-05T16:00:00+01:00 -0.5 0 48.716833 2.384333
81408 2010-01-05T16:00:00+01:00 30.100000000000023 0 3.890667 -51.804667
89642 2010-01-05T16:00:00+01:00 -1.8999999999999773 0 -66.663167 140.001
07020 2010-01-05T19:00:00+01:00 4.100000000000023 0 49.725167 -1.939833
07761 2010-01-05T19:00:00+01:00 11.900000000000034 0 41.918 8.792667
81405 2010-01-05T19:00:00+01:00 29.30000000000001 0 4.822333 -52.365333
07168 2010-01-05T22:00:00+01:00 -7.399999999999977 0 48.324667 4.02
07607 2010-01-05T22:00:00+01:00 -0.6999999999999886 0 43.909833 -0.500167
07650 2010-01-05T22:00:00+01:00 3.5 0 43.437667 5.216
71805 2010-01-05T22:00:00+01:00 2.0 0 46.766333 -56.179167
07149 2010-01-06T01:00:00+01:00 -4.399999999999977 0 48.716833 2.384333
61972 2010-01-06T01:00:00+01:00 26.600000000000023 0 -22.344167 40.340667
07280 2010-01-06T04:00:00+01:00 -2.6999999999999886 0 47.267833 5.088333
07434 2010-01-06T04:00:00+01:00 -6.199999999999989 0 45.861167 1.175
61976 2010-01-06T04:00:00+01:00 29.0 0 -15.887667 54.520667
07020 2010-01-06T07:00:00+01:00 1.5 0 49.725167 -1.939833
07117 2010-01-06T07:00:00+01:00 3.900000000000034 0 48.825833 -3.473167
07168 2010-01-06T07:00:00+01:00 -10.599999999999966 0 48.324667 4.02
07690 2010-01-06T07:00:00+01:00 3.5 0 43.648833 7.209
61970 2010-01-06T07:00:00+01:00 31.0 0 -17.054667 42.712
71805 2010-01-06T07:00:00+01:00 1.8000000000000114 0 46.766333 -56.179167
07168 2010-01-06T10:00:00+01:00 -7.0 0 48.324667 4.02
07181 2010-01-06T10:00:00+01:00 -6.599999999999966 0 48.581 5.959833
07222 2010-01-07T13:00:00+01:00 1.400000000000034 0 47.15 -1.608833
07335 2010-01-07T13:00:00+01:00 -1.5 0 46.593833 0.314333
07222 2010-01-07T16:00:00+01:00 2.3000000000000114 0 47.15 -1.608833
07650 2010-01-07T16:00:00+01:00 6.600000000000023 0 43.437667 5.216
61972 2010-01-07T19:00:00+01:00 27.200000000000045 0 -22.344167 40.340667
07015 2010-01-07T22:00:00+01:00 -7.099999999999966 0 50.57 3.0975
07280 2010-01-07T22:00:00+01:00 -1.8999999999999773 0 47.267833 5.088333
81405 2010-01-07T22:00:00+01:00 27.100000000000023 0 4.822333 -52.365333
07020 2010-01-08T01:00:00+01:00 3.3000000000000114 0 49.725167 -1.939833
07207 2010-01-08T01:00:00+01:00 -0.0999999999999659 0 47.294333 -3.218333
07621 2010-01-08T01:00:00+01:00 -0.8999999999999773 0 43.188 0.0
07747 2010-01-08T01:00:00+01:00 3.0 0 42.737167 2.872833
07434 2010-01-08T04:00:00+01:00 -3.8999999999999773 0 45.861167 1.175
61998 2010-01-08T04:00:00+01:00 6.100000000000023 0 -49.352333 70.243333
07314 2010-01-08T07:00:00+01:00 0.30000000000001137 0 46.046833 -1.4115
07015 2010-01-08T13:00:00+01:00 -3.2999999999999545 0 50.57 3.0975
07110 2010-01-06T13:00:00+01:00 1.900000000000034 0 48.444167 -4.412
07168 2010-01-06T16:00:00+01:00 -4.0 0 48.324667 4.02
07222 2010-01-06T16:00:00+01:00 2.8000000000000114 0 47.15 -1.608833
07630 2010-01-06T16:00:00+01:00 5.7000000000000455 0 43.621 1.378833
07015 2010-01-06T19:00:00+01:00 -3.1999999999999886 0 50.57 3.0975
07481 2010-01-06T19:00:00+01:00 -1.0 0 45.7265 5.077833
07627 2010-01-06T22:00:00+01:00 0.20000000000004547 0 43.005333 1.106833
07510 2010-01-07T01:00:00+01:00 1.2000000000000455 0 44.830667 -0.691333
78925 2010-01-07T01:00:00+01:00 25.400000000000034 0 14.595333 -60.995667
81408 2010-01-07T01:00:00+01:00 25.100000000000023 0 3.890667 -51.804667
78925 2010-01-07T04:00:00+01:00 24.100000000000023 0 14.595333 -60.995667
07434 2010-01-07T07:00:00+01:00 -0.39999999999997726 0 45.861167 1.175
07690 2010-01-07T07:00:00+01:00 2.3000000000000114 0 43.648833 7.209
07015 2010-01-04T07:00:00+01:00 -6.599999999999966 0 50.57 3.0975
07020 2010-01-04T07:00:00+01:00 1.6000000000000227 0 49.725167 -1.939833
07335 2010-01-04T07:00:00+01:00 -1.8999999999999773 0 46.593833 0.314333
07630 2010-01-04T07:00:00+01:00 4.0 0 43.621 1.378833
07314 2010-01-04T10:00:00+01:00 1.2000000000000455 0 46.046833 -1.4115
61980 2010-01-04T13:00:00+01:00 27.900000000000034 0 -20.8925 55.528667
61996 2010-01-04T13:00:00+01:00 14.600000000000023 0 -37.795167 77.569167
71805 2010-01-04T16:00:00+01:00 2.7000000000000455 0 46.766333 -56.179167
07207 2010-01-04T19:00:00+01:00 0.4000000000000341 0 47.294333 -3.218333
07510 2010-01-04T19:00:00+01:00 3.2000000000000455 0 44.830667 -0.691333
07577 2010-01-04T19:00:00+01:00 0.7000000000000455 0 44.581167 4.733
07650 2010-01-04T19:00:00+01:00 7.100000000000023 0 43.437667 5.216
61972 2010-01-04T19:00:00+01:00 27.700000000000045 0 -22.344167 40.340667
07240 2010-01-04T22:00:00+01:00 -4.199999999999989 0 47.4445 0.727333
07577 2010-01-04T22:00:00+01:00 0.30000000000001137 0 44.581167 4.733
07117 2010-01-05T01:00:00+01:00 1.5 0 48.825833 -3.473167
07130 2010-01-05T01:00:00+01:00 -4.2999999999999545 0 48.068833 -1.734
07149 2010-01-05T01:00:00+01:00 -5.599999999999966 0 48.716833 2.384333
07190 2010-01-05T01:00:00+01:00 -3.8999999999999773 0 48.5495 7.640333
07577 2010-01-05T01:00:00+01:00 -0.0999999999999659 0 44.581167 4.733
07627 2010-01-05T01:00:00+01:00 5.2000000000000455 0 43.005333 1.106833
78897 2010-01-05T01:00:00+01:00 25.400000000000034 0 16.264 -61.516333
07577 2010-01-05T04:00:00+01:00 -0.2999999999999545 0 44.581167 4.733
61980 2010-01-05T07:00:00+01:00 28.600000000000023 0 -20.8925 55.528667
67005 2010-01-05T07:00:00+01:00 29.80000000000001 0 -12.8055 45.282833
67005 2010-03-02T01:00:00+01:00 25.5 0 -12.8055 45.282833
07027 2010-03-02T04:00:00+01:00 2.7000000000000455 0 49.18 -0.456167
78922 2010-03-02T04:00:00+01:00 26.600000000000023 0 14.7745 -60.875333
07621 2010-03-02T07:00:00+01:00 1.0 0 43.188 0.0
07690 2010-03-02T10:00:00+01:00 13.0 0 43.648833 7.209
61997 2010-03-02T10:00:00+01:00 8.800000000000011 0 -46.4325 51.856667
07240 2010-03-02T13:00:00+01:00 8.900000000000034 0 47.4445 0.727333
07255 2010-03-02T13:00:00+01:00 11.400000000000034 0 47.059167 2.359833
07627 2010-03-02T16:00:00+01:00 15.400000000000034 0 43.005333 1.106833
07005 2010-03-02T19:00:00+01:00 6.2000000000000455 0 50.136 1.834
07149 2010-03-02T19:00:00+01:00 8.0 0 48.716833 2.384333
07314 2010-03-02T22:00:00+01:00 9.600000000000023 0 46.046833 -1.4115
07460 2010-03-02T22:00:00+01:00 6.0 0 45.786833 3.149333
07510 2010-03-02T22:00:00+01:00 11.600000000000023 0 44.830667 -0.691333
78897 2010-03-02T22:00:00+01:00 28.700000000000045 0 16.264 -61.516333
07471 2010-03-03T01:00:00+01:00 0.0 0 45.0745 3.764
61980 2010-03-03T01:00:00+01:00 24.100000000000023 0 -20.8925 55.528667
61996 2010-02-28T22:00:00+01:00 17.400000000000034 0 -37.795167 77.569167
81408 2010-02-28T22:00:00+01:00 28.700000000000045 0 3.890667 -51.804667
07149 2010-03-01T01:00:00+01:00 3.0 0 48.716833 2.384333
07299 2010-03-01T01:00:00+01:00 7.2000000000000455 0 47.614333 7.51
07607 2010-03-01T01:00:00+01:00 3.400000000000034 0 43.909833 -0.500167
61972 2010-03-01T01:00:00+01:00 27.400000000000034 0 -22.344167 40.340667
07027 2010-03-01T04:00:00+01:00 1.5 0 49.18 -0.456167
07255 2010-03-01T10:00:00+01:00 4.800000000000011 0 47.059167 2.359833
07510 2010-03-01T10:00:00+01:00 8.400000000000034 0 44.830667 -0.691333
07222 2010-03-01T16:00:00+01:00 6.800000000000011 0 47.15 -1.608833
07299 2010-03-01T16:00:00+01:00 11.100000000000023 0 47.614333 7.51
07630 2010-03-01T16:00:00+01:00 14.600000000000023 0 43.621 1.378833
07747 2010-03-01T16:00:00+01:00 16.100000000000023 0 42.737167 2.872833
07790 2010-03-01T16:00:00+01:00 12.5 0 42.540667 9.485167
07207 2010-03-01T19:00:00+01:00 6.800000000000011 0 47.294333 -3.218333
07280 2010-03-01T19:00:00+01:00 8.5 0 47.267833 5.088333
07335 2010-03-01T19:00:00+01:00 8.200000000000045 0 46.593833 0.314333
07607 2010-03-01T19:00:00+01:00 12.200000000000045 0 43.909833 -0.500167
07005 2010-03-01T22:00:00+01:00 3.3000000000000114 0 50.136 1.834
07207 2010-03-01T22:00:00+01:00 6.300000000000011 0 47.294333 -3.218333
07255 2010-03-01T22:00:00+01:00 6.0 0 47.059167 2.359833
61976 2010-03-01T22:00:00+01:00 28.400000000000034 0 -15.887667 54.520667
81401 2010-03-01T22:00:00+01:00 26.700000000000045 0 5.4855 -54.031667
07790 2010-02-27T22:00:00+01:00 9.300000000000011 0 42.540667 9.485167
61980 2010-02-27T22:00:00+01:00 26.900000000000034 0 -20.8925 55.528667
61976 2010-02-28T01:00:00+01:00 27.100000000000023 0 -15.887667 54.520667
07299 2010-02-28T04:00:00+01:00 7.400000000000034 0 47.614333 7.51
89642 2010-02-28T04:00:00+01:00 -7.0 0 -66.663167 140.001
07510 2010-02-28T07:00:00+01:00 9.700000000000045 0 44.830667 -0.691333
07207 2010-02-28T10:00:00+01:00 8.700000000000045 0 47.294333 -3.218333
07790 2010-02-28T10:00:00+01:00 15.800000000000011 0 42.540667 9.485167
07130 2010-02-28T13:00:00+01:00 9.100000000000023 0 48.068833 -1.734
07240 2010-02-28T16:00:00+01:00 10.600000000000023 0 47.4445 0.727333
07643 2010-02-28T16:00:00+01:00 17.900000000000034 0 43.577 3.963167
07434 2010-02-28T19:00:00+01:00 6.100000000000023 0 45.861167 1.175
07471 2010-02-28T19:00:00+01:00 5.2000000000000455 0 45.0745 3.764
61970 2010-02-28T19:00:00+01:00 27.0 0 -17.054667 42.712
07222 2010-02-23T16:00:00+01:00 12.800000000000011 0 47.15 -1.608833
07661 2010-02-23T16:00:00+01:00 11.700000000000045 0 43.079333 5.940833
07190 2010-02-23T22:00:00+01:00 8.600000000000023 0 48.5495 7.640333
07621 2010-02-23T22:00:00+01:00 8.5 0 43.188 0.0
07577 2010-02-24T01:00:00+01:00 5.400000000000034 0 44.581167 4.733
07314 2010-02-24T04:00:00+01:00 9.100000000000023 0 46.046833 -1.4115
07481 2010-02-24T04:00:00+01:00 7.600000000000023 0 45.7265 5.077833
61997 2010-02-24T04:00:00+01:00 7.800000000000011 0 -46.4325 51.856667
07027 2010-02-24T07:00:00+01:00 7.5 0 49.18 -0.456167
07207 2010-02-24T07:00:00+01:00 9.800000000000011 0 47.294333 -3.218333
07510 2010-02-24T07:00:00+01:00 10.700000000000045 0 44.830667 -0.691333
07630 2010-02-24T10:00:00+01:00 12.5 0 43.621 1.378833
61970 2010-02-24T10:00:00+01:00 31.5 0 -17.054667 42.712
61997 2010-02-24T10:00:00+01:00 7.300000000000011 0 -46.4325 51.856667
81415 2010-02-24T10:00:00+01:00 23.900000000000034 0 3.640167 -54.028333
61972 2010-02-24T13:00:00+01:00 31.600000000000023 0 -22.344167 40.340667
07027 2010-02-24T16:00:00+01:00 9.400000000000034 0 49.18 -0.456167
07181 2010-02-24T16:00:00+01:00 10.400000000000034 0 48.581 5.959833
67005 2010-02-24T16:00:00+01:00 29.5 0 -12.8055 45.282833
71805 2010-02-24T16:00:00+01:00 -0.8999999999999773 0 46.766333 -56.179167
07222 2010-02-24T22:00:00+01:00 9.700000000000045 0 47.15 -1.608833
61968 2010-02-24T22:00:00+01:00 26.80000000000001 0 -11.582667 47.289667
07650 2010-02-25T01:00:00+01:00 9.5 0 43.437667 5.216
81405 2010-02-25T01:00:00+01:00 26.700000000000045 0 4.822333 -52.365333
61997 2010-02-25T04:00:00+01:00 4.800000000000011 0 -46.4325 51.856667
61970 2010-02-25T07:00:00+01:00 29.700000000000045 0 -17.054667 42.712
78897 2010-02-25T07:00:00+01:00 22.200000000000045 0 16.264 -61.516333
07139 2010-02-25T10:00:00+01:00 7.100000000000023 0 48.4455 0.110167
07335 2010-02-25T10:00:00+01:00 8.5 0 46.593833 0.314333
07471 2010-02-25T10:00:00+01:00 6.2000000000000455 0 45.0745 3.764
07130 2010-02-25T13:00:00+01:00 13.0 0 48.068833 -1.734
78925 2010-02-25T13:00:00+01:00 25.80000000000001 0 14.595333 -60.995667
81408 2010-02-25T13:00:00+01:00 26.30000000000001 0 3.890667 -51.804667
07015 2010-02-25T16:00:00+01:00 8.800000000000011 0 50.57 3.0975
07790 2010-02-25T16:00:00+01:00 15.400000000000034 0 42.540667 9.485167
07117 2010-02-25T19:00:00+01:00 10.700000000000045 0 48.825833 -3.473167
07434 2010-02-25T19:00:00+01:00 9.600000000000023 0 45.861167 1.175
07790 2010-02-25T22:00:00+01:00 8.0 0 42.540667 9.485167
61972 2010-02-26T01:00:00+01:00 26.400000000000034 0 -22.344167 40.340667
67005 2010-02-26T04:00:00+01:00 26.200000000000045 0 -12.8055 45.282833
67005 2010-02-26T07:00:00+01:00 30.600000000000023 0 -12.8055 45.282833
78897 2010-02-26T07:00:00+01:00 23.30000000000001 0 16.264 -61.516333
07020 2010-02-26T10:00:00+01:00 7.600000000000023 0 49.725167 -1.939833
07535 2010-02-26T10:00:00+01:00 7.600000000000023 0 44.745 1.396667
07027 2010-02-26T13:00:00+01:00 8.700000000000045 0 49.18 -0.456167
07690 2010-02-26T13:00:00+01:00 17.200000000000045 0 43.648833 7.209
71805 2010-02-26T19:00:00+01:00 -0.8999999999999773 0 46.766333 -56.179167
07577 2010-02-26T22:00:00+01:00 7.2000000000000455 0 44.581167 4.733
81408 2010-02-26T22:00:00+01:00 29.200000000000045 0 3.890667 -51.804667
07481 2010-02-27T01:00:00+01:00 5.400000000000034 0 45.7265 5.077833
61997 2010-02-27T04:00:00+01:00 13.5 0 -46.4325 51.856667
07037 2010-02-27T07:00:00+01:00 4.7000000000000455 0 49.383 1.181667
07661 2010-02-27T07:00:00+01:00 8.700000000000045 0 43.079333 5.940833
07130 2010-02-27T10:00:00+01:00 9.100000000000023 0 48.068833 -1.734
07139 2010-02-27T10:00:00+01:00 6.0 0 48.4455 0.110167
78897 2010-02-27T10:00:00+01:00 22.30000000000001 0 16.264 -61.516333
07015 2010-02-27T16:00:00+01:00 11.900000000000034 0 50.57 3.0975
07460 2010-02-27T19:00:00+01:00 10.200000000000045 0 45.786833 3.149333
67005 2010-02-27T19:00:00+01:00 28.200000000000045 0 -12.8055 45.282833
61980 2010-02-22T13:00:00+01:00 29.600000000000023 0 -20.8925 55.528667
07005 2010-02-22T16:00:00+01:00 9.900000000000034 0 50.136 1.834
07110 2010-02-22T16:00:00+01:00 8.0 0 48.444167 -4.412
07434 2010-02-22T16:00:00+01:00 9.0 0 45.861167 1.175
07607 2010-02-22T19:00:00+01:00 14.0 0 43.909833 -0.500167
07130 2010-02-23T01:00:00+01:00 9.400000000000034 0 48.068833 -1.734
07747 2010-02-23T01:00:00+01:00 4.600000000000023 0 42.737167 2.872833
78897 2010-02-23T01:00:00+01:00 24.5 0 16.264 -61.516333
81415 2010-02-23T01:00:00+01:00 24.0 0 3.640167 -54.028333
07240 2010-02-23T04:00:00+01:00 9.200000000000045 0 47.4445 0.727333
61976 2010-02-23T07:00:00+01:00 30.700000000000045 0 -15.887667 54.520667
61998 2010-02-23T07:00:00+01:00 3.8000000000000114 0 -49.352333 70.243333
78925 2010-02-23T07:00:00+01:00 23.900000000000034 0 14.595333 -60.995667
07207 2010-02-23T10:00:00+01:00 10.200000000000045 0 47.294333 -3.218333
07607 2010-02-23T10:00:00+01:00 13.100000000000023 0 43.909833 -0.500167
07139 2010-02-23T13:00:00+01:00 12.100000000000023 0 48.4455 0.110167
78925 2010-04-12T20:00:00+02:00 29.900000000000034 0 14.595333 -60.995667
07181 2010-04-12T23:00:00+02:00 5.0 0 48.581 5.959833
07280 2010-04-12T23:00:00+02:00 6.5 0 47.267833 5.088333
07481 2010-04-12T23:00:00+02:00 6.100000000000023 0 45.7265 5.077833
07510 2010-04-12T23:00:00+02:00 10.300000000000011 0 44.830667 -0.691333
07577 2010-04-12T23:00:00+02:00 7.2000000000000455 0 44.581167 4.733
61972 2010-04-12T23:00:00+02:00 25.100000000000023 0 -22.344167 40.340667
61976 2010-04-12T23:00:00+02:00 26.900000000000034 0 -15.887667 54.520667
78922 2010-04-13T02:00:00+02:00 26.100000000000023 0 14.7745 -60.875333
07690 2010-04-13T05:00:00+02:00 9.300000000000011 0 43.648833 7.209
07037 2010-04-13T08:00:00+02:00 6.0 0 49.383 1.181667
07299 2010-04-13T08:00:00+02:00 3.3000000000000114 0 47.614333 7.51
07621 2010-04-13T08:00:00+02:00 3.1000000000000227 0 43.188 0.0
07005 2010-04-13T11:00:00+02:00 10.600000000000023 0 50.136 1.834
07335 2010-04-13T11:00:00+02:00 9.600000000000023 0 46.593833 0.314333
89642 2010-04-13T11:00:00+02:00 -15.399999999999977 0 -66.663167 140.001
07015 2010-04-13T14:00:00+02:00 15.800000000000011 0 50.57 3.0975
07510 2010-04-13T14:00:00+02:00 12.800000000000011 0 44.830667 -0.691333
61972 2010-04-13T14:00:00+02:00 28.700000000000045 0 -22.344167 40.340667
07117 2010-04-13T17:00:00+02:00 10.200000000000045 0 48.825833 -3.473167
07577 2010-04-13T17:00:00+02:00 14.900000000000034 0 44.581167 4.733
61997 2010-04-13T17:00:00+02:00 4.400000000000034 0 -46.4325 51.856667
81405 2010-04-13T17:00:00+02:00 31.0 0 4.822333 -52.365333
81415 2010-04-13T17:00:00+02:00 30.80000000000001 0 3.640167 -54.028333
07005 2010-04-13T20:00:00+02:00 10.200000000000045 0 50.136 1.834
07535 2010-04-13T20:00:00+02:00 11.100000000000023 0 44.745 1.396667
07558 2010-04-07T11:00:00+02:00 9.200000000000045 0 44.1185 3.0195
61976 2010-04-07T11:00:00+02:00 31.100000000000023 0 -15.887667 54.520667
71805 2010-04-07T11:00:00+02:00 2.7000000000000455 0 46.766333 -56.179167
07335 2010-04-07T14:00:00+02:00 12.5 0 46.593833 0.314333
61976 2010-04-07T14:00:00+02:00 30.30000000000001 0 -15.887667 54.520667
07130 2010-04-07T17:00:00+02:00 14.100000000000023 0 48.068833 -1.734
07591 2010-04-07T23:00:00+02:00 6.900000000000034 0 44.565667 6.502333
07643 2010-04-07T23:00:00+02:00 8.800000000000011 0 43.577 3.963167
81415 2010-04-07T23:00:00+02:00 29.80000000000001 0 3.640167 -54.028333
07117 2010-04-08T02:00:00+02:00 7.800000000000011 0 48.825833 -3.473167
07139 2010-04-08T02:00:00+02:00 6.7000000000000455 0 48.4455 0.110167
07255 2010-04-08T02:00:00+02:00 8.5 0 47.059167 2.359833
07690 2010-04-08T02:00:00+02:00 13.200000000000045 0 43.648833 7.209
07299 2010-04-08T05:00:00+02:00 10.200000000000045 0 47.614333 7.51
07510 2010-04-08T05:00:00+02:00 6.400000000000034 0 44.830667 -0.691333
07621 2010-04-08T05:00:00+02:00 4.7000000000000455 0 43.188 0.0
61998 2010-04-08T05:00:00+02:00 11.0 0 -49.352333 70.243333
78925 2010-04-08T05:00:00+02:00 26.30000000000001 0 14.595333 -60.995667
07168 2010-04-08T08:00:00+02:00 8.800000000000011 0 48.324667 4.02
78925 2010-04-08T08:00:00+02:00 26.100000000000023 0 14.595333 -60.995667
89642 2010-04-08T08:00:00+02:00 -11.0 0 -66.663167 140.001
07314 2010-04-08T11:00:00+02:00 10.300000000000011 0 46.046833 -1.4115
07535 2010-04-08T11:00:00+02:00 8.100000000000023 0 44.745 1.396667
07558 2010-04-08T11:00:00+02:00 7.100000000000023 0 44.1185 3.0195
07222 2010-04-10T17:00:00+02:00 18.0 0 47.15 -1.608833
07005 2010-04-10T20:00:00+02:00 9.800000000000011 0 50.136 1.834
07471 2010-04-10T20:00:00+02:00 10.700000000000045 0 45.0745 3.764
07510 2010-04-10T20:00:00+02:00 19.80000000000001 0 44.830667 -0.691333
07335 2010-04-10T23:00:00+02:00 11.200000000000045 0 46.593833 0.314333
71805 2010-04-10T23:00:00+02:00 4.600000000000023 0 46.766333 -56.179167
07181 2010-04-11T05:00:00+02:00 3.7000000000000455 0 48.581 5.959833
07607 2010-04-11T05:00:00+02:00 6.800000000000011 0 43.909833 -0.500167
07627 2010-04-11T05:00:00+02:00 5.0 0 43.005333 1.106833
07690 2010-04-11T08:00:00+02:00 14.0 0 43.648833 7.209
71805 2010-04-11T08:00:00+02:00 2.2000000000000455 0 46.766333 -56.179167
07607 2010-04-11T11:00:00+02:00 14.600000000000023 0 43.909833 -0.500167
61970 2010-04-11T11:00:00+02:00 32.0 0 -17.054667 42.712
78925 2010-04-11T11:00:00+02:00 23.80000000000001 0 14.595333 -60.995667
07607 2010-04-11T14:00:00+02:00 19.5 0 43.909833 -0.500167
61968 2010-04-11T14:00:00+02:00 28.900000000000034 0 -11.582667 47.289667
61970 2010-04-11T14:00:00+02:00 31.5 0 -17.054667 42.712
07117 2010-04-11T17:00:00+02:00 8.800000000000011 0 48.825833 -3.473167
07558 2010-04-11T23:00:00+02:00 7.300000000000011 0 44.1185 3.0195
07661 2010-04-11T23:00:00+02:00 11.0 0 43.079333 5.940833
07037 2010-04-12T02:00:00+02:00 5.800000000000011 0 49.383 1.181667
07335 2010-04-12T02:00:00+02:00 7.0 0 46.593833 0.314333
67005 2010-04-12T02:00:00+02:00 28.80000000000001 0 -12.8055 45.282833
78922 2010-04-12T02:00:00+02:00 25.100000000000023 0 14.7745 -60.875333
07434 2010-04-12T08:00:00+02:00 2.5 0 45.861167 1.175
07630 2010-04-12T08:00:00+02:00 5.7000000000000455 0 43.621 1.378833
07335 2010-04-12T17:00:00+02:00 12.200000000000045 0 46.593833 0.314333
81405 2010-04-12T17:00:00+02:00 26.30000000000001 0 4.822333 -52.365333
81415 2010-04-09T14:00:00+02:00 27.600000000000023 0 3.640167 -54.028333
07190 2010-04-09T17:00:00+02:00 16.80000000000001 0 48.5495 7.640333
07280 2010-04-09T17:00:00+02:00 16.600000000000023 0 47.267833 5.088333
07335 2010-04-09T17:00:00+02:00 16.80000000000001 0 46.593833 0.314333
81415 2010-04-09T17:00:00+02:00 31.600000000000023 0 3.640167 -54.028333
81401 2010-04-09T20:00:00+02:00 31.200000000000045 0 5.4855 -54.031667
07190 2010-04-09T23:00:00+02:00 10.900000000000034 0 48.5495 7.640333
61998 2010-04-09T23:00:00+02:00 3.900000000000034 0 -49.352333 70.243333
78925 2010-04-09T23:00:00+02:00 25.900000000000034 0 14.595333 -60.995667
07661 2010-04-10T02:00:00+02:00 14.0 0 43.079333 5.940833
61970 2010-04-10T02:00:00+02:00 28.600000000000023 0 -17.054667 42.712
07005 2010-04-10T05:00:00+02:00 6.800000000000011 0 50.136 1.834
71805 2010-04-10T05:00:00+02:00 1.900000000000034 0 46.766333 -56.179167
07607 2010-04-10T08:00:00+02:00 2.8000000000000114 0 43.909833 -0.500167
07037 2010-04-10T11:00:00+02:00 12.300000000000011 0 49.383 1.181667
07335 2010-04-10T11:00:00+02:00 12.900000000000034 0 46.593833 0.314333
07643 2010-04-10T11:00:00+02:00 18.0 0 43.577 3.963167
07460 2010-04-10T14:00:00+02:00 15.600000000000023 0 45.786833 3.149333
07690 2010-04-10T14:00:00+02:00 17.5 0 43.648833 7.209
89642 2010-04-10T14:00:00+02:00 -16.599999999999966 0 -66.663167 140.001
07168 2010-04-06T11:00:00+02:00 11.900000000000034 0 48.324667 4.02
81415 2010-04-06T11:00:00+02:00 23.80000000000001 0 3.640167 -54.028333
07558 2010-04-06T17:00:00+02:00 12.800000000000011 0 44.1185 3.0195
81415 2010-04-06T20:00:00+02:00 26.0 0 3.640167 -54.028333
07181 2010-04-06T23:00:00+02:00 10.900000000000034 0 48.581 5.959833
07747 2010-04-06T23:00:00+02:00 10.900000000000034 0 42.737167 2.872833
61980 2010-04-06T23:00:00+02:00 24.200000000000045 0 -20.8925 55.528667
07005 2010-04-07T02:00:00+02:00 9.200000000000045 0 50.136 1.834
07037 2010-04-07T02:00:00+02:00 8.700000000000045 0 49.383 1.181667
61997 2010-04-07T02:00:00+02:00 10.900000000000034 0 -46.4325 51.856667
07661 2010-04-07T05:00:00+02:00 10.100000000000023 0 43.079333 5.940833
07535 2010-04-07T08:00:00+02:00 8.600000000000023 0 44.745 1.396667
07577 2010-04-07T08:00:00+02:00 8.600000000000023 0 44.581167 4.733
61970 2010-04-07T08:00:00+02:00 31.30000000000001 0 -17.054667 42.712
61997 2010-04-08T14:00:00+02:00 5.800000000000011 0 -46.4325 51.856667
61970 2010-04-08T17:00:00+02:00 29.200000000000045 0 -17.054667 42.712
07747 2010-04-08T20:00:00+02:00 13.300000000000011 0 42.737167 2.872833
07661 2010-04-08T23:00:00+02:00 13.5 0 43.079333 5.940833
07535 2010-04-09T02:00:00+02:00 8.700000000000045 0 44.745 1.396667
07630 2010-04-09T02:00:00+02:00 7.400000000000034 0 43.621 1.378833
71805 2010-04-09T02:00:00+02:00 1.8000000000000114 0 46.766333 -56.179167
07510 2010-04-09T05:00:00+02:00 7.600000000000023 0 44.830667 -0.691333
07299 2010-04-09T11:00:00+02:00 11.5 0 47.614333 7.51
61970 2010-04-09T11:00:00+02:00 32.400000000000034 0 -17.054667 42.712
07005 2010-04-30T08:00:00+02:00 9.600000000000023 0 50.136 1.834
78897 2010-04-30T08:00:00+02:00 24.400000000000034 0 16.264 -61.516333
81408 2010-04-30T08:00:00+02:00 24.0 0 3.890667 -51.804667
61968 2010-04-30T11:00:00+02:00 31.700000000000045 0 -11.582667 47.289667
78897 2010-04-30T11:00:00+02:00 24.0 0 16.264 -61.516333
07015 2010-04-30T14:00:00+02:00 14.300000000000011 0 50.57 3.0975
07314 2010-04-30T14:00:00+02:00 15.0 0 46.046833 -1.4115
61972 2010-04-30T14:00:00+02:00 29.200000000000045 0 -22.344167 40.340667
61976 2010-04-30T14:00:00+02:00 28.700000000000045 0 -15.887667 54.520667
07481 2010-04-30T17:00:00+02:00 20.30000000000001 0 45.7265 5.077833
07510 2010-04-30T17:00:00+02:00 17.400000000000034 0 44.830667 -0.691333
07027 2010-04-30T20:00:00+02:00 14.600000000000023 0 49.18 -0.456167
07630 2010-04-30T20:00:00+02:00 18.0 0 43.621 1.378833
07181 2010-04-30T23:00:00+02:00 11.0 0 48.581 5.959833
61970 2010-04-30T23:00:00+02:00 28.0 0 -17.054667 42.712
07168 2010-04-27T23:00:00+02:00 10.100000000000023 0 48.324667 4.02
07222 2010-04-27T23:00:00+02:00 16.30000000000001 0 47.15 -1.608833
07460 2010-04-27T23:00:00+02:00 10.700000000000045 0 45.786833 3.149333
61996 2010-04-27T23:00:00+02:00 12.900000000000034 0 -37.795167 77.569167
07761 2010-04-28T02:00:00+02:00 12.5 0 41.918 8.792667
07027 2010-04-28T05:00:00+02:00 6.400000000000034 0 49.18 -0.456167
07471 2010-04-28T05:00:00+02:00 3.6000000000000227 0 45.0745 3.764
07481 2010-04-28T05:00:00+02:00 12.200000000000045 0 45.7265 5.077833
07460 2010-04-28T08:00:00+02:00 9.600000000000023 0 45.786833 3.149333
07661 2010-04-28T08:00:00+02:00 17.700000000000045 0 43.079333 5.940833
07790 2010-04-28T08:00:00+02:00 15.300000000000011 0 42.540667 9.485167
61998 2010-04-28T08:00:00+02:00 4.100000000000023 0 -49.352333 70.243333
07149 2010-04-28T11:00:00+02:00 18.900000000000034 0 48.716833 2.384333
07510 2010-04-28T14:00:00+02:00 26.80000000000001 0 44.830667 -0.691333
07577 2010-04-28T14:00:00+02:00 24.100000000000023 0 44.581167 4.733
07790 2010-04-28T14:00:00+02:00 22.900000000000034 0 42.540667 9.485167
61972 2010-04-28T14:00:00+02:00 29.900000000000034 0 -22.344167 40.340667
61980 2010-04-28T14:00:00+02:00 28.0 0 -20.8925 55.528667
07005 2010-04-28T17:00:00+02:00 22.80000000000001 0 50.136 1.834
07037 2010-04-28T17:00:00+02:00 23.80000000000001 0 49.383 1.181667
07255 2010-04-28T17:00:00+02:00 25.900000000000034 0 47.059167 2.359833
61996 2010-04-28T17:00:00+02:00 14.5 0 -37.795167 77.569167
07650 2010-04-28T20:00:00+02:00 21.30000000000001 0 43.437667 5.216
07015 2010-04-28T23:00:00+02:00 16.5 0 50.57 3.0975
61972 2010-04-28T23:00:00+02:00 25.0 0 -22.344167 40.340667
67005 2010-04-28T23:00:00+02:00 27.5 0 -12.8055 45.282833
07643 2010-04-29T02:00:00+02:00 12.700000000000045 0 43.577 3.963167
07037 2010-04-29T05:00:00+02:00 11.100000000000023 0 49.383 1.181667
07621 2010-04-29T05:00:00+02:00 11.5 0 43.188 0.0
07168 2010-04-29T08:00:00+02:00 11.800000000000011 0 48.324667 4.02
07535 2010-04-29T08:00:00+02:00 15.300000000000011 0 44.745 1.396667
61997 2010-04-29T08:00:00+02:00 5.300000000000011 0 -46.4325 51.856667
07110 2010-04-29T11:00:00+02:00 11.900000000000034 0 48.444167 -4.412
07535 2010-04-29T11:00:00+02:00 21.700000000000045 0 44.745 1.396667
67005 2010-04-29T11:00:00+02:00 29.900000000000034 0 -12.8055 45.282833
07149 2010-04-29T14:00:00+02:00 24.600000000000023 0 48.716833 2.384333
78897 2010-04-29T14:00:00+02:00 28.5 0 16.264 -61.516333
07110 2010-04-29T17:00:00+02:00 13.300000000000011 0 48.444167 -4.412
07190 2010-04-29T20:00:00+02:00 25.100000000000023 0 48.5495 7.640333
61996 2010-04-29T20:00:00+02:00 12.0 0 -37.795167 77.569167
81405 2010-04-29T20:00:00+02:00 26.5 0 4.822333 -52.365333
07139 2010-04-29T23:00:00+02:00 14.400000000000034 0 48.4455 0.110167
07027 2010-04-30T02:00:00+02:00 10.900000000000034 0 49.18 -0.456167
07535 2010-04-26T20:00:00+02:00 20.0 0 44.745 1.396667
61972 2010-04-26T23:00:00+02:00 25.5 0 -22.344167 40.340667
07037 2010-04-27T02:00:00+02:00 7.100000000000023 0 49.383 1.181667
07630 2010-04-27T02:00:00+02:00 13.400000000000034 0 43.621 1.378833
07761 2010-04-27T02:00:00+02:00 12.5 0 41.918 8.792667
61996 2010-04-27T02:00:00+02:00 12.800000000000011 0 -37.795167 77.569167
61998 2010-04-27T02:00:00+02:00 3.7000000000000455 0 -49.352333 70.243333
07149 2010-04-27T05:00:00+02:00 7.0 0 48.716833 2.384333
07460 2010-04-27T05:00:00+02:00 7.2000000000000455 0 45.786833 3.149333
07280 2010-04-27T08:00:00+02:00 10.400000000000034 0 47.267833 5.088333
07240 2010-04-27T11:00:00+02:00 14.900000000000034 0 47.4445 0.727333
07607 2010-04-27T11:00:00+02:00 19.900000000000034 0 43.909833 -0.500167
67005 2010-04-27T11:00:00+02:00 31.0 0 -12.8055 45.282833
81408 2010-04-27T11:00:00+02:00 24.600000000000023 0 3.890667 -51.804667
07139 2010-04-27T17:00:00+02:00 19.200000000000045 0 48.4455 0.110167
07149 2010-04-27T17:00:00+02:00 19.600000000000023 0 48.716833 2.384333
07460 2010-04-27T17:00:00+02:00 20.30000000000001 0 45.786833 3.149333
61976 2010-04-27T17:00:00+02:00 27.700000000000045 0 -15.887667 54.520667
07005 2010-04-27T20:00:00+02:00 15.700000000000045 0 50.136 1.834
07130 2010-04-27T20:00:00+02:00 19.400000000000034 0 48.068833 -1.734
07255 2010-04-27T20:00:00+02:00 19.100000000000023 0 47.059167 2.359833
71805 2010-04-27T20:00:00+02:00 4.0 0 46.766333 -56.179167
89642 2010-04-27T20:00:00+02:00 -11.699999999999989 0 -66.663167 140.001
07460 2010-04-25T20:00:00+02:00 20.0 0 45.786833 3.149333
61998 2010-04-25T20:00:00+02:00 2.5 0 -49.352333 70.243333
07621 2010-04-25T23:00:00+02:00 15.800000000000011 0 43.188 0.0
07015 2010-04-26T02:00:00+02:00 9.5 0 50.57 3.0975
07149 2010-04-26T02:00:00+02:00 13.700000000000045 0 48.716833 2.384333
07335 2010-04-26T02:00:00+02:00 9.5 0 46.593833 0.314333
07558 2010-04-26T02:00:00+02:00 13.100000000000023 0 44.1185 3.0195
07661 2010-04-26T02:00:00+02:00 14.400000000000034 0 43.079333 5.940833
07591 2010-04-26T05:00:00+02:00 7.600000000000023 0 44.565667 6.502333
07621 2010-04-26T05:00:00+02:00 12.5 0 43.188 0.0
61972 2010-04-26T05:00:00+02:00 24.900000000000034 0 -22.344167 40.340667
07314 2010-04-26T08:00:00+02:00 11.600000000000023 0 46.046833 -1.4115
07661 2010-04-26T08:00:00+02:00 15.600000000000023 0 43.079333 5.940833
07577 2010-04-26T11:00:00+02:00 19.80000000000001 0 44.581167 4.733
07650 2010-04-26T11:00:00+02:00 21.400000000000034 0 43.437667 5.216
07621 2010-04-26T14:00:00+02:00 20.400000000000034 0 43.188 0.0
71805 2010-04-26T17:00:00+02:00 6.5 0 46.766333 -56.179167
07460 2010-04-26T20:00:00+02:00 16.900000000000034 0 45.786833 3.149333
07255 2010-04-24T17:00:00+02:00 23.700000000000045 0 47.059167 2.359833
07280 2010-04-24T17:00:00+02:00 22.900000000000034 0 47.267833 5.088333
61970 2010-04-24T17:00:00+02:00 29.400000000000034 0 -17.054667 42.712
07510 2010-04-24T20:00:00+02:00 20.80000000000001 0 44.830667 -0.691333
07643 2010-04-24T23:00:00+02:00 16.5 0 43.577 3.963167
07558 2010-04-25T05:00:00+02:00 10.400000000000034 0 44.1185 3.0195
89642 2010-04-25T05:00:00+02:00 -17.399999999999977 0 -66.663167 140.001
07790 2010-04-25T08:00:00+02:00 15.0 0 42.540667 9.485167
07761 2010-04-25T14:00:00+02:00 18.600000000000023 0 41.918 8.792667
61998 2010-04-25T14:00:00+02:00 3.400000000000034 0 -49.352333 70.243333
07190 2010-04-25T17:00:00+02:00 25.0 0 48.5495 7.640333
07481 2010-04-25T17:00:00+02:00 24.700000000000045 0 45.7265 5.077833
61980 2010-03-21T19:00:00+01:00 25.100000000000023 0 -20.8925 55.528667
07314 2010-03-21T22:00:00+01:00 8.800000000000011 0 46.046833 -1.4115
67005 2010-03-21T22:00:00+01:00 27.0 0 -12.8055 45.282833
78897 2010-03-21T22:00:00+01:00 29.900000000000034 0 16.264 -61.516333
78922 2010-03-21T22:00:00+01:00 27.700000000000045 0 14.7745 -60.875333
89642 2010-03-21T22:00:00+01:00 -9.5 0 -66.663167 140.001
07471 2010-03-22T04:00:00+01:00 7.100000000000023 0 45.0745 3.764
07168 2010-03-22T07:00:00+01:00 -0.39999999999997726 0 48.324667 4.02
07621 2010-03-22T07:00:00+01:00 9.800000000000011 0 43.188 0.0
61998 2010-03-22T07:00:00+01:00 4.7000000000000455 0 -49.352333 70.243333
07255 2010-03-22T13:00:00+01:00 15.700000000000045 0 47.059167 2.359833
07314 2010-03-22T16:00:00+01:00 11.0 0 46.046833 -1.4115
07591 2010-03-22T16:00:00+01:00 11.300000000000011 0 44.565667 6.502333
07627 2010-03-22T16:00:00+01:00 14.100000000000023 0 43.005333 1.106833
07240 2010-03-22T19:00:00+01:00 13.5 0 47.4445 0.727333
07314 2010-03-22T19:00:00+01:00 10.300000000000011 0 46.046833 -1.4115
07761 2010-03-22T19:00:00+01:00 13.5 0 41.918 8.792667
07790 2010-03-22T19:00:00+01:00 13.700000000000045 0 42.540667 9.485167
07015 2010-05-08T17:00:00+02:00 10.700000000000045 0 50.57 3.0975
07149 2010-05-08T17:00:00+02:00 15.5 0 48.716833 2.384333
07168 2010-05-08T17:00:00+02:00 14.600000000000023 0 48.324667 4.02
07240 2010-05-08T17:00:00+02:00 13.700000000000045 0 47.4445 0.727333
07535 2010-05-08T17:00:00+02:00 16.700000000000045 0 44.745 1.396667
78897 2010-05-08T17:00:00+02:00 30.900000000000034 0 16.264 -61.516333
07434 2010-05-08T20:00:00+02:00 12.700000000000045 0 45.861167 1.175
07643 2010-05-08T20:00:00+02:00 15.400000000000034 0 43.577 3.963167
07110 2010-05-08T23:00:00+02:00 8.600000000000023 0 48.444167 -4.412
67005 2010-05-08T23:00:00+02:00 27.5 0 -12.8055 45.282833
07117 2010-05-09T02:00:00+02:00 9.200000000000045 0 48.825833 -3.473167
78897 2010-05-09T02:00:00+02:00 27.100000000000023 0 16.264 -61.516333
07110 2010-05-09T05:00:00+02:00 7.800000000000011 0 48.444167 -4.412
07130 2010-05-09T05:00:00+02:00 7.2000000000000455 0 48.068833 -1.734
07510 2010-05-09T05:00:00+02:00 13.600000000000023 0 44.830667 -0.691333
71805 2010-05-09T05:00:00+02:00 3.5 0 46.766333 -56.179167
07020 2010-05-09T08:00:00+02:00 8.900000000000034 0 49.725167 -1.939833
78925 2010-05-09T11:00:00+02:00 25.200000000000045 0 14.595333 -60.995667
07020 2010-05-09T14:00:00+02:00 10.5 0 49.725167 -1.939833
07335 2010-05-09T14:00:00+02:00 12.600000000000023 0 46.593833 0.314333
07434 2010-05-09T14:00:00+02:00 12.300000000000011 0 45.861167 1.175
07690 2010-05-09T14:00:00+02:00 17.200000000000045 0 43.648833 7.209
61997 2010-05-09T14:00:00+02:00 3.8000000000000114 0 -46.4325 51.856667
07110 2010-05-09T17:00:00+02:00 12.0 0 48.444167 -4.412
07240 2010-05-09T17:00:00+02:00 16.0 0 47.4445 0.727333
07591 2010-05-09T17:00:00+02:00 9.400000000000034 0 44.565667 6.502333
07607 2010-05-09T17:00:00+02:00 17.200000000000045 0 43.909833 -0.500167
81405 2010-05-09T17:00:00+02:00 29.5 0 4.822333 -52.365333
07650 2010-05-09T20:00:00+02:00 17.900000000000034 0 43.437667 5.216
07661 2010-05-09T20:00:00+02:00 15.100000000000023 0 43.079333 5.940833
07471 2010-05-09T23:00:00+02:00 8.600000000000023 0 45.0745 3.764
07037 2010-05-10T02:00:00+02:00 7.800000000000011 0 49.383 1.181667
61980 2010-05-10T02:00:00+02:00 23.600000000000023 0 -20.8925 55.528667
81415 2010-05-10T02:00:00+02:00 25.400000000000034 0 3.640167 -54.028333
07005 2010-05-10T05:00:00+02:00 6.400000000000034 0 50.136 1.834
