7005    -0.021753 0.021545    50.136002 1.834000
7015    -0.065470 0.012557    50.570000 3.097500
7020    -0.019498 0.020812    49.725166 -1.939833
7027    -0.073753 0.026906    49.180000 -0.456167
7037    -0.069363 0.015093    49.382999 1.181667
7072    -0.011131 0.048915    49.209667 4.155333
7110    -0.042048 -0.009540    48.444168 -4.412000
7117    -0.081901 0.021334    48.825832 -3.473167
7130    -0.068914 0.051357    48.068832 -1.734000
7139    -0.088751 0.003570    48.445499 0.110167
7149    -0.120245 0.027705    48.716831 2.384333
7168    -0.037520 0.040388    48.324669 4.020000
7181    -0.021662 0.016126    48.581001 5.959833
7190    -0.098064 0.033639    48.549500 7.640333
7207    -0.225662 -0.135678    47.294334 -3.218333
7222    -0.034259 -0.038765    47.150002 -1.608833
7240    -0.108341 0.015129    47.444500 0.727333
7255    -0.035551 0.022425    47.059166 2.359833
7280    -0.198647 0.067468    47.267834 5.088333
7299    -0.098732 0.039673    47.614334 7.510000
7314    0.031002 0.039286    46.046833 -1.411500
7335    -0.085276 0.048592    46.593834 0.314333
7434    -0.056002 0.001179    45.861168 1.175000
7460    -0.137405 0.002150    45.786835 3.149333
7471    -0.066417 0.017356    45.074501 3.764000
7481    -0.147421 0.086394    45.726501 5.077833
7510    -0.072135 0.045391    44.830666 -0.691333
7535    -0.019611 0.037239    44.744999 1.396667
7558    -0.225248 0.052995    44.118500 3.019500
7577    -0.199442 0.012656    44.581165 4.733000
7591    -0.232346 0.103988    44.565666 6.502333
7607    0.008558 -0.003334    43.909832 -0.500167
7621    -0.027841 0.020878    43.188000 0.000000
7627    -0.027399 -0.006142    43.005333 1.106833
7630    -0.067596 0.028148    43.620998 1.378833
7643    -0.168787 -0.012549    43.577000 3.963167
7650    -0.008490 -0.008130    43.437668 5.216000
7661    -0.013259 -0.061243    43.079334 5.940833
7690    -0.436323 -0.018482    43.648834 7.209000
7747    -0.009299 0.069664    42.737167 2.872833
7761    0.000066 0.060184    41.917999 8.792667
7790    -0.067730 0.022204    42.540668 9.485167
61968    0.046569 0.058253    -11.582667 47.289665
61970    -0.084590 -0.102617    -17.054667 42.712002
61972    0.020567 -0.027961    -22.344168 40.340668
61976    -0.048432 -0.024040    -15.887667 54.520668
61980    -0.060173 -0.051560    -20.892500 55.528667
61996    -0.161879 -0.082962    -37.795166 77.569168
61997    -0.164349 -0.025739    -46.432499 51.856667
61998    -0.240093 -0.106612    -49.352333 70.243332
67005    0.008416 0.053222    -12.805500 45.282833
71805    -0.084702 -0.067793    46.766335 -56.179169
78890    0.291031 -0.012770    16.334999 -61.004002
78894    -2.419006 -0.540013    17.901501 -62.852165
78897    -0.006688 0.045742    16.264000 -61.516335
78922    0.066993 -0.006989    14.774500 -60.875332
78925    -0.074213 -0.027485    14.595333 -60.995667
81401    0.031793 -0.012407    5.485500 -54.031666
81405    0.054923 -0.006923    4.822333 -52.365334
81408    -0.046625 0.006799    3.890667 -51.804668
81415    -0.031510 -0.006113    3.640167 -54.028332
89642    -0.240296 -0.000177    -66.663170 140.001007
