07558 2010-01-05T10:00:00+01:00 260 1.5 44.1185 3.0195
07027 2010-01-05T13:00:00+01:00 200 3.6 49.18 -0.456167
07110 2010-01-05T13:00:00+01:00 210 4.1 48.444167 -4.412
71805 2010-01-05T13:00:00+01:00 210 9.8 46.766333 -56.179167
78925 2010-01-05T13:00:00+01:00 30 0.5 14.595333 -60.995667
07015 2010-01-05T16:00:00+01:00 190 1.5 50.57 3.0975
07149 2010-01-05T16:00:00+01:00 10 2.6 48.716833 2.384333
81408 2010-01-05T16:00:00+01:00 80 4.1 3.890667 -51.804667
89642 2010-01-05T16:00:00+01:00 120 4.1 -66.663167 140.001
07020 2010-01-05T19:00:00+01:00 200 11.8 49.725167 -1.939833
07761 2010-01-05T19:00:00+01:00 60 1.5 41.918 8.792667
81405 2010-01-05T19:00:00+01:00 100 6.2 4.822333 -52.365333
07168 2010-01-05T22:00:00+01:00 320 2.1 48.324667 4.02
07607 2010-01-05T22:00:00+01:00 0 0.0 43.909833 -0.500167
07650 2010-01-05T22:00:00+01:00 350 2.1 43.437667 5.216
71805 2010-01-05T22:00:00+01:00 230 7.2 46.766333 -56.179167
07149 2010-01-06T01:00:00+01:00 230 1.0 48.716833 2.384333
61972 2010-01-06T01:00:00+01:00 150 5.1 -22.344167 40.340667
07280 2010-01-06T04:00:00+01:00 180 2.1 47.267833 5.088333
07434 2010-01-06T04:00:00+01:00 220 3.6 45.861167 1.175
07020 2010-01-06T07:00:00+01:00 10 6.7 49.725167 -1.939833
07117 2010-01-06T07:00:00+01:00 310 6.2 48.825833 -3.473167
07168 2010-01-06T07:00:00+01:00 0 0.0 48.324667 4.02
07690 2010-01-06T07:00:00+01:00 330 4.6 43.648833 7.209
61970 2010-01-06T07:00:00+01:00 170 2.1 -17.054667 42.712
71805 2010-01-06T07:00:00+01:00 210 7.2 46.766333 -56.179167
07168 2010-01-06T10:00:00+01:00 160 1.0 48.324667 4.02
07181 2010-01-06T10:00:00+01:00 260 1.0 48.581 5.959833
07222 2010-01-07T13:00:00+01:00 10 3.1 47.15 -1.608833
07335 2010-01-07T13:00:00+01:00 340 3.6 46.593833 0.314333
07222 2010-01-07T16:00:00+01:00 20 5.1 47.15 -1.608833
07650 2010-01-07T16:00:00+01:00 40 3.1 43.437667 5.216
61972 2010-01-07T19:00:00+01:00 160 8.2 -22.344167 40.340667
07015 2010-01-07T22:00:00+01:00 80 1.0 50.57 3.0975
07280 2010-01-07T22:00:00+01:00 360 2.6 47.267833 5.088333
81405 2010-01-07T22:00:00+01:00 70 2.1 4.822333 -52.365333
07020 2010-01-08T01:00:00+01:00 20 10.3 49.725167 -1.939833
07207 2010-01-08T01:00:00+01:00 30 2.6 47.294333 -3.218333
07621 2010-01-08T01:00:00+01:00 30 2.6 43.188 0.0
07747 2010-01-08T01:00:00+01:00 310 5.7 42.737167 2.872833
07434 2010-01-08T04:00:00+01:00 40 5.1 45.861167 1.175
61998 2010-01-08T04:00:00+01:00 240 2.1 -49.352333 70.243333
07314 2010-01-08T07:00:00+01:00 10 8.7 46.046833 -1.4115
07015 2010-01-08T13:00:00+01:00 60 7.2 50.57 3.0975
07110 2010-01-06T13:00:00+01:00 350 7.7 48.444167 -4.412
07168 2010-01-06T16:00:00+01:00 150 2.1 48.324667 4.02
07222 2010-01-06T16:00:00+01:00 210 4.1 47.15 -1.608833
07630 2010-01-06T16:00:00+01:00 300 4.1 43.621 1.378833
07015 2010-01-06T19:00:00+01:00 160 1.5 50.57 3.0975
07481 2010-01-06T19:00:00+01:00 160 1.5 45.7265 5.077833
07627 2010-01-06T22:00:00+01:00 160 2.6 43.005333 1.106833
07510 2010-01-07T01:00:00+01:00 180 3.6 44.830667 -0.691333
78925 2010-01-07T01:00:00+01:00 40 2.1 14.595333 -60.995667
81408 2010-01-07T01:00:00+01:00 330 1.0 3.890667 -51.804667
78925 2010-01-07T04:00:00+01:00 20 0.5 14.595333 -60.995667
07434 2010-01-07T07:00:00+01:00 220 4.1 45.861167 1.175
07690 2010-01-07T07:00:00+01:00 320 6.2 43.648833 7.209
07015 2010-01-04T07:00:00+01:00 260 0.5 50.57 3.0975
07020 2010-01-04T07:00:00+01:00 120 4.6 49.725167 -1.939833
07335 2010-01-04T07:00:00+01:00 40 4.6 46.593833 0.314333
07630 2010-01-04T07:00:00+01:00 170 1.5 43.621 1.378833
07314 2010-01-04T10:00:00+01:00 50 10.8 46.046833 -1.4115
61980 2010-01-04T13:00:00+01:00 90 3.1 -20.8925 55.528667
61996 2010-01-04T13:00:00+01:00 270 9.8 -37.795167 77.569167
71805 2010-01-04T16:00:00+01:00 260 6.2 46.766333 -56.179167
07207 2010-01-04T19:00:00+01:00 70 9.8 47.294333 -3.218333
07510 2010-01-04T19:00:00+01:00 10 5.1 44.830667 -0.691333
07577 2010-01-04T19:00:00+01:00 10 4.1 44.581167 4.733
07650 2010-01-04T19:00:00+01:00 80 5.1 43.437667 5.216
61972 2010-01-04T19:00:00+01:00 170 4.1 -22.344167 40.340667
07240 2010-01-04T22:00:00+01:00 60 4.6 47.4445 0.727333
07577 2010-01-04T22:00:00+01:00 10 5.7 44.581167 4.733
07117 2010-01-05T01:00:00+01:00 140 3.6 48.825833 -3.473167
07130 2010-01-05T01:00:00+01:00 30 1.5 48.068833 -1.734
07149 2010-01-05T01:00:00+01:00 80 1.0 48.716833 2.384333
07190 2010-01-05T01:00:00+01:00 20 4.1 48.5495 7.640333
07577 2010-01-05T01:00:00+01:00 360 5.7 44.581167 4.733
07627 2010-01-05T01:00:00+01:00 0 0.0 43.005333 1.106833
78897 2010-01-05T01:00:00+01:00 20 0.5 16.264 -61.516333
07577 2010-01-05T04:00:00+01:00 10 5.7 44.581167 4.733
61980 2010-01-05T07:00:00+01:00 70 1.0 -20.8925 55.528667
67005 2010-01-05T07:00:00+01:00 310 7.2 -12.8055 45.282833
67005 2010-03-02T01:00:00+01:00 0 0.0 -12.8055 45.282833
07027 2010-03-02T04:00:00+01:00 30 1.0 49.18 -0.456167
78922 2010-03-02T04:00:00+01:00 140 7.2 14.7745 -60.875333
07621 2010-03-02T07:00:00+01:00 170 2.6 43.188 0.0
07690 2010-03-02T10:00:00+01:00 300 1.5 43.648833 7.209
61997 2010-03-02T10:00:00+01:00 310 17.0 -46.4325 51.856667
07240 2010-03-02T13:00:00+01:00 40 4.1 47.4445 0.727333
07255 2010-03-02T13:00:00+01:00 290 1.5 47.059167 2.359833
07627 2010-03-02T16:00:00+01:00 60 3.1 43.005333 1.106833
07005 2010-03-02T19:00:00+01:00 30 2.6 50.136 1.834
07149 2010-03-02T19:00:00+01:00 60 4.6 48.716833 2.384333
07314 2010-03-02T22:00:00+01:00 70 5.1 46.046833 -1.4115
07460 2010-03-02T22:00:00+01:00 340 0.5 45.786833 3.149333
07510 2010-03-02T22:00:00+01:00 60 4.1 44.830667 -0.691333
78897 2010-03-02T22:00:00+01:00 120 5.7 16.264 -61.516333
07471 2010-03-03T01:00:00+01:00 0 0.0 45.0745 3.764
61980 2010-03-03T01:00:00+01:00 170 4.6 -20.8925 55.528667
61996 2010-02-28T22:00:00+01:00 330 6.2 -37.795167 77.569167
81408 2010-02-28T22:00:00+01:00 30 2.1 3.890667 -51.804667
07149 2010-03-01T01:00:00+01:00 250 3.1 48.716833 2.384333
07299 2010-03-01T01:00:00+01:00 260 8.2 47.614333 7.51
07607 2010-03-01T01:00:00+01:00 90 2.1 43.909833 -0.500167
61972 2010-03-01T01:00:00+01:00 150 4.1 -22.344167 40.340667
07027 2010-03-01T04:00:00+01:00 230 2.6 49.18 -0.456167
07255 2010-03-01T10:00:00+01:00 80 4.1 47.059167 2.359833
07510 2010-03-01T10:00:00+01:00 160 4.1 44.830667 -0.691333
07222 2010-03-01T16:00:00+01:00 60 4.6 47.15 -1.608833
07299 2010-03-01T16:00:00+01:00 280 2.6 47.614333 7.51
07630 2010-03-01T16:00:00+01:00 310 6.7 43.621 1.378833
07747 2010-03-01T16:00:00+01:00 310 8.7 42.737167 2.872833
07790 2010-03-01T16:00:00+01:00 330 3.6 42.540667 9.485167
07207 2010-03-01T19:00:00+01:00 100 4.1 47.294333 -3.218333
07280 2010-03-01T19:00:00+01:00 240 1.0 47.267833 5.088333
07335 2010-03-01T19:00:00+01:00 220 6.2 46.593833 0.314333
07607 2010-03-01T19:00:00+01:00 280 1.5 43.909833 -0.500167
07005 2010-03-01T22:00:00+01:00 80 1.5 50.136 1.834
07207 2010-03-01T22:00:00+01:00 90 5.7 47.294333 -3.218333
07255 2010-03-01T22:00:00+01:00 200 4.1 47.059167 2.359833
61976 2010-03-01T22:00:00+01:00 70 7.2 -15.887667 54.520667
07790 2010-02-27T22:00:00+01:00 150 1.5 42.540667 9.485167
61980 2010-02-27T22:00:00+01:00 140 4.1 -20.8925 55.528667
61976 2010-02-28T01:00:00+01:00 60 6.2 -15.887667 54.520667
07299 2010-02-28T04:00:00+01:00 140 5.1 47.614333 7.51
89642 2010-02-28T04:00:00+01:00 160 5.1 -66.663167 140.001
07510 2010-02-28T07:00:00+01:00 240 10.3 44.830667 -0.691333
07207 2010-02-28T10:00:00+01:00 290 9.8 47.294333 -3.218333
07790 2010-02-28T10:00:00+01:00 230 2.1 42.540667 9.485167
07130 2010-02-28T13:00:00+01:00 280 8.7 48.068833 -1.734
07240 2010-02-28T16:00:00+01:00 250 10.8 47.4445 0.727333
07643 2010-02-28T16:00:00+01:00 300 7.2 43.577 3.963167
07434 2010-02-28T19:00:00+01:00 260 2.6 45.861167 1.175
07471 2010-02-28T19:00:00+01:00 270 5.7 45.0745 3.764
61970 2010-02-28T19:00:00+01:00 100 1.0 -17.054667 42.712
07222 2010-02-23T16:00:00+01:00 230 8.7 47.15 -1.608833
07661 2010-02-23T16:00:00+01:00 140 6.2 43.079333 5.940833
07190 2010-02-23T22:00:00+01:00 190 4.6 48.5495 7.640333
07621 2010-02-23T22:00:00+01:00 80 1.0 43.188 0.0
07577 2010-02-24T01:00:00+01:00 150 0.5 44.581167 4.733
07314 2010-02-24T04:00:00+01:00 160 6.7 46.046833 -1.4115
07481 2010-02-24T04:00:00+01:00 160 3.1 45.7265 5.077833
61997 2010-02-24T04:00:00+01:00 240 17.0 -46.4325 51.856667
07027 2010-02-24T07:00:00+01:00 170 3.6 49.18 -0.456167
07207 2010-02-24T07:00:00+01:00 220 10.8 47.294333 -3.218333
07510 2010-02-24T07:00:00+01:00 240 6.7 44.830667 -0.691333
07630 2010-02-24T10:00:00+01:00 300 7.2 43.621 1.378833
61970 2010-02-24T10:00:00+01:00 80 3.1 -17.054667 42.712
61997 2010-02-24T10:00:00+01:00 220 20.1 -46.4325 51.856667
61972 2010-02-24T13:00:00+01:00 170 5.1 -22.344167 40.340667
07027 2010-02-24T16:00:00+01:00 170 10.8 49.18 -0.456167
07181 2010-02-24T16:00:00+01:00 200 5.7 48.581 5.959833
67005 2010-02-24T16:00:00+01:00 130 4.1 -12.8055 45.282833
71805 2010-02-24T16:00:00+01:00 20 6.2 46.766333 -56.179167
07222 2010-02-24T22:00:00+01:00 230 5.7 47.15 -1.608833
61968 2010-02-24T22:00:00+01:00 70 2.1 -11.582667 47.289667
07650 2010-02-25T01:00:00+01:00 0 0.0 43.437667 5.216
81405 2010-02-25T01:00:00+01:00 120 1.5 4.822333 -52.365333
61997 2010-02-25T04:00:00+01:00 210 7.2 -46.4325 51.856667
61970 2010-02-25T07:00:00+01:00 240 1.0 -17.054667 42.712
78897 2010-02-25T07:00:00+01:00 220 0.5 16.264 -61.516333
07139 2010-02-25T10:00:00+01:00 160 4.1 48.4455 0.110167
07335 2010-02-25T10:00:00+01:00 170 5.1 46.593833 0.314333
07471 2010-02-25T10:00:00+01:00 150 6.2 45.0745 3.764
07130 2010-02-25T13:00:00+01:00 200 9.8 48.068833 -1.734
78925 2010-02-25T13:00:00+01:00 30 1.5 14.595333 -60.995667
81408 2010-02-25T13:00:00+01:00 40 1.0 3.890667 -51.804667
07015 2010-02-25T16:00:00+01:00 160 5.7 50.57 3.0975
07790 2010-02-25T16:00:00+01:00 30 1.5 42.540667 9.485167
07117 2010-02-25T19:00:00+01:00 230 6.2 48.825833 -3.473167
07434 2010-02-25T19:00:00+01:00 230 4.6 45.861167 1.175
07790 2010-02-25T22:00:00+01:00 250 0.5 42.540667 9.485167
61972 2010-02-26T01:00:00+01:00 160 2.1 -22.344167 40.340667
67005 2010-02-26T04:00:00+01:00 0 0.0 -12.8055 45.282833
67005 2010-02-26T07:00:00+01:00 160 3.1 -12.8055 45.282833
78897 2010-02-26T07:00:00+01:00 0 0.0 16.264 -61.516333
07020 2010-02-26T10:00:00+01:00 280 13.9 49.725167 -1.939833
07535 2010-02-26T10:00:00+01:00 230 3.1 44.745 1.396667
07027 2010-02-26T13:00:00+01:00 270 12.3 49.18 -0.456167
07690 2010-02-26T13:00:00+01:00 280 11.8 43.648833 7.209
71805 2010-02-26T19:00:00+01:00 100 10.8 46.766333 -56.179167
07577 2010-02-26T22:00:00+01:00 330 2.1 44.581167 4.733
81408 2010-02-26T22:00:00+01:00 40 2.1 3.890667 -51.804667
07481 2010-02-27T01:00:00+01:00 160 2.6 45.7265 5.077833
61997 2010-02-27T04:00:00+01:00 310 15.9 -46.4325 51.856667
07037 2010-02-27T07:00:00+01:00 170 5.1 49.383 1.181667
07661 2010-02-27T07:00:00+01:00 30 1.0 43.079333 5.940833
07130 2010-02-27T10:00:00+01:00 180 7.2 48.068833 -1.734
07139 2010-02-27T10:00:00+01:00 160 3.1 48.4455 0.110167
78897 2010-02-27T10:00:00+01:00 0 0.0 16.264 -61.516333
07015 2010-02-27T16:00:00+01:00 200 7.7 50.57 3.0975
07460 2010-02-27T19:00:00+01:00 170 8.2 45.786833 3.149333
67005 2010-02-27T19:00:00+01:00 140 2.1 -12.8055 45.282833
61980 2010-02-22T13:00:00+01:00 80 3.1 -20.8925 55.528667
07005 2010-02-22T16:00:00+01:00 210 9.3 50.136 1.834
07110 2010-02-22T16:00:00+01:00 20 3.1 48.444167 -4.412
07434 2010-02-22T16:00:00+01:00 220 9.8 45.861167 1.175
07607 2010-02-22T19:00:00+01:00 190 1.5 43.909833 -0.500167
07130 2010-02-23T01:00:00+01:00 210 2.6 48.068833 -1.734
07747 2010-02-23T01:00:00+01:00 270 1.5 42.737167 2.872833
78897 2010-02-23T01:00:00+01:00 120 2.6 16.264 -61.516333
07240 2010-02-23T04:00:00+01:00 200 5.7 47.4445 0.727333
61976 2010-02-23T07:00:00+01:00 170 5.1 -15.887667 54.520667
61998 2010-02-23T07:00:00+01:00 240 9.8 -49.352333 70.243333
78925 2010-02-23T07:00:00+01:00 0 0.0 14.595333 -60.995667
07207 2010-02-23T10:00:00+01:00 220 8.2 47.294333 -3.218333
07607 2010-02-23T10:00:00+01:00 200 1.0 43.909833 -0.500167
07139 2010-02-23T13:00:00+01:00 230 6.2 48.4455 0.110167
78925 2010-04-12T20:00:00+02:00 70 6.2 14.595333 -60.995667
07181 2010-04-12T23:00:00+02:00 60 4.1 48.581 5.959833
07280 2010-04-12T23:00:00+02:00 10 5.1 47.267833 5.088333
07481 2010-04-12T23:00:00+02:00 50 0.5 45.7265 5.077833
07510 2010-04-12T23:00:00+02:00 10 4.6 44.830667 -0.691333
07577 2010-04-12T23:00:00+02:00 30 2.1 44.581167 4.733
61972 2010-04-12T23:00:00+02:00 180 5.1 -22.344167 40.340667
61976 2010-04-12T23:00:00+02:00 130 5.1 -15.887667 54.520667
78922 2010-04-13T02:00:00+02:00 80 7.7 14.7745 -60.875333
07690 2010-04-13T05:00:00+02:00 330 4.6 43.648833 7.209
07037 2010-04-13T08:00:00+02:00 20 4.1 49.383 1.181667
07299 2010-04-13T08:00:00+02:00 350 1.5 47.614333 7.51
07621 2010-04-13T08:00:00+02:00 200 1.0 43.188 0.0
07005 2010-04-13T11:00:00+02:00 20 6.2 50.136 1.834
07335 2010-04-13T11:00:00+02:00 40 5.7 46.593833 0.314333
89642 2010-04-13T11:00:00+02:00 150 17.0 -66.663167 140.001
07015 2010-04-13T14:00:00+02:00 40 8.2 50.57 3.0975
07510 2010-04-13T14:00:00+02:00 350 2.6 44.830667 -0.691333
61972 2010-04-13T14:00:00+02:00 160 8.7 -22.344167 40.340667
07117 2010-04-13T17:00:00+02:00 60 6.7 48.825833 -3.473167
07577 2010-04-13T17:00:00+02:00 10 4.6 44.581167 4.733
61997 2010-04-13T17:00:00+02:00 220 22.1 -46.4325 51.856667
81405 2010-04-13T17:00:00+02:00 80 4.6 4.822333 -52.365333
81415 2010-04-13T17:00:00+02:00 170 1.0 3.640167 -54.028333
07005 2010-04-13T20:00:00+02:00 10 8.7 50.136 1.834
07535 2010-04-13T20:00:00+02:00 360 1.0 44.745 1.396667
07558 2010-04-07T11:00:00+02:00 140 3.1 44.1185 3.0195
61976 2010-04-07T11:00:00+02:00 110 8.2 -15.887667 54.520667
71805 2010-04-07T11:00:00+02:00 280 10.3 46.766333 -56.179167
07335 2010-04-07T14:00:00+02:00 250 3.1 46.593833 0.314333
61976 2010-04-07T14:00:00+02:00 100 7.2 -15.887667 54.520667
07130 2010-04-07T17:00:00+02:00 340 7.7 48.068833 -1.734
07591 2010-04-07T23:00:00+02:00 120 1.0 44.565667 6.502333
07643 2010-04-07T23:00:00+02:00 10 3.6 43.577 3.963167
07117 2010-04-08T02:00:00+02:00 350 5.1 48.825833 -3.473167
07139 2010-04-08T02:00:00+02:00 310 3.1 48.4455 0.110167
07255 2010-04-08T02:00:00+02:00 270 3.1 47.059167 2.359833
07690 2010-04-08T02:00:00+02:00 320 3.6 43.648833 7.209
07299 2010-04-08T05:00:00+02:00 250 1.5 47.614333 7.51
07510 2010-04-08T05:00:00+02:00 230 2.6 44.830667 -0.691333
07621 2010-04-08T05:00:00+02:00 200 1.5 43.188 0.0
61998 2010-04-08T05:00:00+02:00 340 6.2 -49.352333 70.243333
78925 2010-04-08T05:00:00+02:00 60 5.1 14.595333 -60.995667
07168 2010-04-08T08:00:00+02:00 290 3.1 48.324667 4.02
78925 2010-04-08T08:00:00+02:00 50 3.1 14.595333 -60.995667
89642 2010-04-08T08:00:00+02:00 140 15.4 -66.663167 140.001
07314 2010-04-08T11:00:00+02:00 10 2.6 46.046833 -1.4115
07535 2010-04-08T11:00:00+02:00 290 1.5 44.745 1.396667
07558 2010-04-08T11:00:00+02:00 340 6.7 44.1185 3.0195
07222 2010-04-10T17:00:00+02:00 50 5.7 47.15 -1.608833
07005 2010-04-10T20:00:00+02:00 20 6.7 50.136 1.834
07471 2010-04-10T20:00:00+02:00 50 2.1 45.0745 3.764
07510 2010-04-10T20:00:00+02:00 360 6.2 44.830667 -0.691333
07335 2010-04-10T23:00:00+02:00 30 4.6 46.593833 0.314333
71805 2010-04-10T23:00:00+02:00 200 9.8 46.766333 -56.179167
07181 2010-04-11T05:00:00+02:00 50 3.1 48.581 5.959833
07607 2010-04-11T05:00:00+02:00 0 0.0 43.909833 -0.500167
07627 2010-04-11T05:00:00+02:00 320 0.5 43.005333 1.106833
07690 2010-04-11T08:00:00+02:00 70 9.8 43.648833 7.209
71805 2010-04-11T08:00:00+02:00 230 11.3 46.766333 -56.179167
07607 2010-04-11T11:00:00+02:00 30 2.6 43.909833 -0.500167
61970 2010-04-11T11:00:00+02:00 140 4.1 -17.054667 42.712
78925 2010-04-11T11:00:00+02:00 40 2.6 14.595333 -60.995667
07607 2010-04-11T14:00:00+02:00 320 3.1 43.909833 -0.500167
61968 2010-04-11T14:00:00+02:00 0 0.0 -11.582667 47.289667
61970 2010-04-11T14:00:00+02:00 160 3.1 -17.054667 42.712
07117 2010-04-11T17:00:00+02:00 70 11.3 48.825833 -3.473167
07558 2010-04-11T23:00:00+02:00 30 8.7 44.1185 3.0195
07661 2010-04-11T23:00:00+02:00 90 6.2 43.079333 5.940833
07037 2010-04-12T02:00:00+02:00 40 4.6 49.383 1.181667
07335 2010-04-12T02:00:00+02:00 40 6.2 46.593833 0.314333
67005 2010-04-12T02:00:00+02:00 120 4.1 -12.8055 45.282833
78922 2010-04-12T02:00:00+02:00 100 5.7 14.7745 -60.875333
07434 2010-04-12T08:00:00+02:00 50 3.6 45.861167 1.175
07630 2010-04-12T08:00:00+02:00 310 3.6 43.621 1.378833
07335 2010-04-12T17:00:00+02:00 40 7.2 46.593833 0.314333
81405 2010-04-12T17:00:00+02:00 20 1.5 4.822333 -52.365333
81415 2010-04-09T14:00:00+02:00 40 2.1 3.640167 -54.028333
07190 2010-04-09T17:00:00+02:00 40 3.1 48.5495 7.640333
07280 2010-04-09T17:00:00+02:00 30 6.7 47.267833 5.088333
07335 2010-04-09T17:00:00+02:00 50 5.1 46.593833 0.314333
81415 2010-04-09T17:00:00+02:00 60 3.1 3.640167 -54.028333
07190 2010-04-09T23:00:00+02:00 30 4.6 48.5495 7.640333
61998 2010-04-09T23:00:00+02:00 270 9.8 -49.352333 70.243333
78925 2010-04-09T23:00:00+02:00 50 5.1 14.595333 -60.995667
07661 2010-04-10T02:00:00+02:00 70 1.5 43.079333 5.940833
61970 2010-04-10T02:00:00+02:00 210 3.1 -17.054667 42.712
07005 2010-04-10T05:00:00+02:00 50 2.1 50.136 1.834
71805 2010-04-10T05:00:00+02:00 160 4.6 46.766333 -56.179167
07607 2010-04-10T08:00:00+02:00 70 1.0 43.909833 -0.500167
07037 2010-04-10T11:00:00+02:00 60 5.1 49.383 1.181667
07335 2010-04-10T11:00:00+02:00 30 4.6 46.593833 0.314333
07643 2010-04-10T11:00:00+02:00 360 1.5 43.577 3.963167
07460 2010-04-10T14:00:00+02:00 20 3.1 45.786833 3.149333
07690 2010-04-10T14:00:00+02:00 150 2.1 43.648833 7.209
89642 2010-04-10T14:00:00+02:00 170 1.0 -66.663167 140.001
07168 2010-04-06T11:00:00+02:00 130 3.6 48.324667 4.02
07558 2010-04-06T17:00:00+02:00 140 6.2 44.1185 3.0195
07181 2010-04-06T23:00:00+02:00 140 3.1 48.581 5.959833
07747 2010-04-06T23:00:00+02:00 10 2.1 42.737167 2.872833
61980 2010-04-06T23:00:00+02:00 110 4.6 -20.8925 55.528667
07005 2010-04-07T02:00:00+02:00 110 3.1 50.136 1.834
07037 2010-04-07T02:00:00+02:00 120 2.6 49.383 1.181667
61997 2010-04-07T02:00:00+02:00 300 15.9 -46.4325 51.856667
07661 2010-04-07T05:00:00+02:00 100 7.2 43.079333 5.940833
07535 2010-04-07T08:00:00+02:00 120 1.0 44.745 1.396667
07577 2010-04-07T08:00:00+02:00 0 0.0 44.581167 4.733
61970 2010-04-07T08:00:00+02:00 80 2.1 -17.054667 42.712
61997 2010-04-08T14:00:00+02:00 220 7.2 -46.4325 51.856667
61970 2010-04-08T17:00:00+02:00 180 3.1 -17.054667 42.712
07747 2010-04-08T20:00:00+02:00 320 6.2 42.737167 2.872833
07661 2010-04-08T23:00:00+02:00 130 0.5 43.079333 5.940833
07535 2010-04-09T02:00:00+02:00 320 2.1 44.745 1.396667
07630 2010-04-09T02:00:00+02:00 200 1.0 43.621 1.378833
71805 2010-04-09T02:00:00+02:00 260 5.7 46.766333 -56.179167
07510 2010-04-09T05:00:00+02:00 340 1.0 44.830667 -0.691333
07299 2010-04-09T11:00:00+02:00 10 4.6 47.614333 7.51
61970 2010-04-09T11:00:00+02:00 170 4.1 -17.054667 42.712
07005 2010-04-30T08:00:00+02:00 250 6.7 50.136 1.834
78897 2010-04-30T08:00:00+02:00 280 0.5 16.264 -61.516333
81408 2010-04-30T08:00:00+02:00 320 1.0 3.890667 -51.804667
61968 2010-04-30T11:00:00+02:00 100 5.1 -11.582667 47.289667
78897 2010-04-30T11:00:00+02:00 300 0.5 16.264 -61.516333
07015 2010-04-30T14:00:00+02:00 270 7.2 50.57 3.0975
07314 2010-04-30T14:00:00+02:00 260 3.1 46.046833 -1.4115
61972 2010-04-30T14:00:00+02:00 220 4.1 -22.344167 40.340667
61976 2010-04-30T14:00:00+02:00 120 4.1 -15.887667 54.520667
07481 2010-04-30T17:00:00+02:00 190 8.7 45.7265 5.077833
07510 2010-04-30T17:00:00+02:00 80 1.5 44.830667 -0.691333
07027 2010-04-30T20:00:00+02:00 280 4.1 49.18 -0.456167
07630 2010-04-30T20:00:00+02:00 50 2.1 43.621 1.378833
07181 2010-04-30T23:00:00+02:00 200 4.6 48.581 5.959833
61970 2010-04-30T23:00:00+02:00 190 8.2 -17.054667 42.712
07168 2010-04-27T23:00:00+02:00 290 2.6 48.324667 4.02
07222 2010-04-27T23:00:00+02:00 60 2.1 47.15 -1.608833
07460 2010-04-27T23:00:00+02:00 130 1.0 45.786833 3.149333
61996 2010-04-27T23:00:00+02:00 240 4.1 -37.795167 77.569167
07761 2010-04-28T02:00:00+02:00 50 2.6 41.918 8.792667
07027 2010-04-28T05:00:00+02:00 150 2.1 49.18 -0.456167
07471 2010-04-28T05:00:00+02:00 240 1.0 45.0745 3.764
07481 2010-04-28T05:00:00+02:00 200 1.5 45.7265 5.077833
07460 2010-04-28T08:00:00+02:00 170 4.6 45.786833 3.149333
07661 2010-04-28T08:00:00+02:00 100 1.5 43.079333 5.940833
07790 2010-04-28T08:00:00+02:00 220 1.0 42.540667 9.485167
61998 2010-04-28T08:00:00+02:00 260 6.2 -49.352333 70.243333
07149 2010-04-28T11:00:00+02:00 150 1.5 48.716833 2.384333
07510 2010-04-28T14:00:00+02:00 110 4.1 44.830667 -0.691333
07577 2010-04-28T14:00:00+02:00 190 3.1 44.581167 4.733
07790 2010-04-28T14:00:00+02:00 20 2.6 42.540667 9.485167
61972 2010-04-28T14:00:00+02:00 240 3.1 -22.344167 40.340667
61980 2010-04-28T14:00:00+02:00 110 9.3 -20.8925 55.528667
07005 2010-04-28T17:00:00+02:00 170 5.1 50.136 1.834
07037 2010-04-28T17:00:00+02:00 180 5.7 49.383 1.181667
07255 2010-04-28T17:00:00+02:00 130 1.5 47.059167 2.359833
61996 2010-04-28T17:00:00+02:00 290 8.2 -37.795167 77.569167
07650 2010-04-28T20:00:00+02:00 270 2.1 43.437667 5.216
07015 2010-04-28T23:00:00+02:00 160 1.5 50.57 3.0975
61972 2010-04-28T23:00:00+02:00 210 3.1 -22.344167 40.340667
67005 2010-04-28T23:00:00+02:00 250 3.1 -12.8055 45.282833
07643 2010-04-29T02:00:00+02:00 20 2.1 43.577 3.963167
07037 2010-04-29T05:00:00+02:00 160 2.6 49.383 1.181667
07621 2010-04-29T05:00:00+02:00 180 2.1 43.188 0.0
07168 2010-04-29T08:00:00+02:00 150 1.0 48.324667 4.02
07535 2010-04-29T08:00:00+02:00 130 3.6 44.745 1.396667
61997 2010-04-29T08:00:00+02:00 290 11.8 -46.4325 51.856667
07110 2010-04-29T11:00:00+02:00 120 3.1 48.444167 -4.412
07535 2010-04-29T11:00:00+02:00 170 3.6 44.745 1.396667
67005 2010-04-29T11:00:00+02:00 130 3.1 -12.8055 45.282833
07149 2010-04-29T14:00:00+02:00 190 4.1 48.716833 2.384333
78897 2010-04-29T14:00:00+02:00 80 2.6 16.264 -61.516333
07110 2010-04-29T17:00:00+02:00 240 6.7 48.444167 -4.412
07190 2010-04-29T20:00:00+02:00 10 2.1 48.5495 7.640333
61996 2010-04-29T20:00:00+02:00 40 3.1 -37.795167 77.569167
81405 2010-04-29T20:00:00+02:00 90 5.1 4.822333 -52.365333
07139 2010-04-29T23:00:00+02:00 240 5.1 48.4455 0.110167
07027 2010-04-30T02:00:00+02:00 260 4.1 49.18 -0.456167
07535 2010-04-26T20:00:00+02:00 350 2.6 44.745 1.396667
61972 2010-04-26T23:00:00+02:00 170 6.2 -22.344167 40.340667
07037 2010-04-27T02:00:00+02:00 330 1.5 49.383 1.181667
07630 2010-04-27T02:00:00+02:00 310 2.1 43.621 1.378833
07761 2010-04-27T02:00:00+02:00 40 2.6 41.918 8.792667
61996 2010-04-27T02:00:00+02:00 250 5.1 -37.795167 77.569167
61998 2010-04-27T02:00:00+02:00 230 9.8 -49.352333 70.243333
07149 2010-04-27T05:00:00+02:00 0 0.0 48.716833 2.384333
07460 2010-04-27T05:00:00+02:00 130 1.5 45.786833 3.149333
07280 2010-04-27T08:00:00+02:00 340 2.6 47.267833 5.088333
07240 2010-04-27T11:00:00+02:00 70 3.1 47.4445 0.727333
07607 2010-04-27T11:00:00+02:00 180 1.0 43.909833 -0.500167
67005 2010-04-27T11:00:00+02:00 130 4.1 -12.8055 45.282833
81408 2010-04-27T11:00:00+02:00 130 1.0 3.890667 -51.804667
07139 2010-04-27T17:00:00+02:00 30 2.1 48.4455 0.110167
07149 2010-04-27T17:00:00+02:00 60 4.1 48.716833 2.384333
07460 2010-04-27T17:00:00+02:00 360 4.6 45.786833 3.149333
61976 2010-04-27T17:00:00+02:00 110 8.7 -15.887667 54.520667
07005 2010-04-27T20:00:00+02:00 310 2.6 50.136 1.834
07130 2010-04-27T20:00:00+02:00 120 4.1 48.068833 -1.734
07255 2010-04-27T20:00:00+02:00 40 3.1 47.059167 2.359833
71805 2010-04-27T20:00:00+02:00 70 7.7 46.766333 -56.179167
89642 2010-04-27T20:00:00+02:00 90 2.1 -66.663167 140.001
07460 2010-04-25T20:00:00+02:00 360 5.1 45.786833 3.149333
61998 2010-04-25T20:00:00+02:00 170 7.2 -49.352333 70.243333
07621 2010-04-25T23:00:00+02:00 310 2.1 43.188 0.0
07015 2010-04-26T02:00:00+02:00 250 3.1 50.57 3.0975
07149 2010-04-26T02:00:00+02:00 340 2.6 48.716833 2.384333
07335 2010-04-26T02:00:00+02:00 310 2.6 46.593833 0.314333
07558 2010-04-26T02:00:00+02:00 70 1.5 44.1185 3.0195
07661 2010-04-26T02:00:00+02:00 330 3.6 43.079333 5.940833
07591 2010-04-26T05:00:00+02:00 340 1.0 44.565667 6.502333
07621 2010-04-26T05:00:00+02:00 250 2.1 43.188 0.0
61972 2010-04-26T05:00:00+02:00 160 8.7 -22.344167 40.340667
07314 2010-04-26T08:00:00+02:00 40 4.1 46.046833 -1.4115
07661 2010-04-26T08:00:00+02:00 100 5.1 43.079333 5.940833
07577 2010-04-26T11:00:00+02:00 360 7.7 44.581167 4.733
07650 2010-04-26T11:00:00+02:00 330 3.1 43.437667 5.216
07621 2010-04-26T14:00:00+02:00 50 2.6 43.188 0.0
71805 2010-04-26T17:00:00+02:00 180 4.1 46.766333 -56.179167
07460 2010-04-26T20:00:00+02:00 20 4.6 45.786833 3.149333
07255 2010-04-24T17:00:00+02:00 190 0.5 47.059167 2.359833
07280 2010-04-24T17:00:00+02:00 20 2.1 47.267833 5.088333
61970 2010-04-24T17:00:00+02:00 190 7.2 -17.054667 42.712
07510 2010-04-24T20:00:00+02:00 360 4.1 44.830667 -0.691333
07643 2010-04-24T23:00:00+02:00 250 2.6 43.577 3.963167
07558 2010-04-25T05:00:00+02:00 40 1.0 44.1185 3.0195
89642 2010-04-25T05:00:00+02:00 110 3.1 -66.663167 140.001
07790 2010-04-25T08:00:00+02:00 230 1.5 42.540667 9.485167
07761 2010-04-25T14:00:00+02:00 220 4.1 41.918 8.792667
61998 2010-04-25T14:00:00+02:00 190 11.8 -49.352333 70.243333
07190 2010-04-25T17:00:00+02:00 30 1.0 48.5495 7.640333
07481 2010-04-25T17:00:00+02:00 360 3.6 45.7265 5.077833
61980 2010-03-21T19:00:00+01:00 100 2.1 -20.8925 55.528667
07314 2010-03-21T22:00:00+01:00 330 1.5 46.046833 -1.4115
67005 2010-03-21T22:00:00+01:00 50 1.0 -12.8055 45.282833
78897 2010-03-21T22:00:00+01:00 100 5.7 16.264 -61.516333
78922 2010-03-21T22:00:00+01:00 80 5.7 14.7745 -60.875333
89642 2010-03-21T22:00:00+01:00 130 7.7 -66.663167 140.001
07471 2010-03-22T04:00:00+01:00 100 0.5 45.0745 3.764
07168 2010-03-22T07:00:00+01:00 170 1.5 48.324667 4.02
07621 2010-03-22T07:00:00+01:00 110 0.5 43.188 0.0
61998 2010-03-22T07:00:00+01:00 270 8.7 -49.352333 70.243333
07255 2010-03-22T13:00:00+01:00 100 2.1 47.059167 2.359833
07314 2010-03-22T16:00:00+01:00 260 2.6 46.046833 -1.4115
07591 2010-03-22T16:00:00+01:00 220 1.0 44.565667 6.502333
07627 2010-03-22T16:00:00+01:00 340 1.5 43.005333 1.106833
07240 2010-03-22T19:00:00+01:00 250 3.6 47.4445 0.727333
07314 2010-03-22T19:00:00+01:00 210 1.5 46.046833 -1.4115
07761 2010-03-22T19:00:00+01:00 210 0.5 41.918 8.792667
07790 2010-03-22T19:00:00+01:00 0 0.0 42.540667 9.485167
07015 2010-05-08T17:00:00+02:00 350 4.1 50.57 3.0975
07149 2010-05-08T17:00:00+02:00 50 1.5 48.716833 2.384333
07168 2010-05-08T17:00:00+02:00 330 4.1 48.324667 4.02
07240 2010-05-08T17:00:00+02:00 140 1.5 47.4445 0.727333
07535 2010-05-08T17:00:00+02:00 270 1.0 44.745 1.396667
78897 2010-05-08T17:00:00+02:00 110 6.2 16.264 -61.516333
07434 2010-05-08T20:00:00+02:00 330 0.5 45.861167 1.175
07643 2010-05-08T20:00:00+02:00 110 3.1 43.577 3.963167
07110 2010-05-08T23:00:00+02:00 50 5.1 48.444167 -4.412
67005 2010-05-08T23:00:00+02:00 160 2.1 -12.8055 45.282833
07117 2010-05-09T02:00:00+02:00 80 6.7 48.825833 -3.473167
78897 2010-05-09T02:00:00+02:00 60 2.6 16.264 -61.516333
81408 2010-05-09T02:00:00+02:00 0 0.0 3.890667 -51.804667
07110 2010-05-09T05:00:00+02:00 50 6.2 48.444167 -4.412
07130 2010-05-09T05:00:00+02:00 20 2.6 48.068833 -1.734
07510 2010-05-09T05:00:00+02:00 60 3.6 44.830667 -0.691333
71805 2010-05-09T05:00:00+02:00 180 5.1 46.766333 -56.179167
07020 2010-05-09T08:00:00+02:00 70 8.7 49.725167 -1.939833
78925 2010-05-09T11:00:00+02:00 30 2.1 14.595333 -60.995667
07020 2010-05-09T14:00:00+02:00 60 9.8 49.725167 -1.939833
07335 2010-05-09T14:00:00+02:00 80 3.1 46.593833 0.314333
07434 2010-05-09T14:00:00+02:00 60 3.6 45.861167 1.175
07690 2010-05-09T14:00:00+02:00 120 1.5 43.648833 7.209
61997 2010-05-09T14:00:00+02:00 260 7.2 -46.4325 51.856667
07110 2010-05-09T17:00:00+02:00 50 9.8 48.444167 -4.412
07240 2010-05-09T17:00:00+02:00 60 4.6 47.4445 0.727333
07591 2010-05-09T17:00:00+02:00 30 1.0 44.565667 6.502333
07607 2010-05-09T17:00:00+02:00 80 3.6 43.909833 -0.500167
81405 2010-05-09T17:00:00+02:00 340 2.6 4.822333 -52.365333
07650 2010-05-09T20:00:00+02:00 120 6.2 43.437667 5.216
07661 2010-05-09T20:00:00+02:00 110 6.2 43.079333 5.940833
07471 2010-05-09T23:00:00+02:00 130 2.1 45.0745 3.764
07037 2010-05-10T02:00:00+02:00 20 5.1 49.383 1.181667
61980 2010-05-10T02:00:00+02:00 110 5.1 -20.8925 55.528667
07005 2010-05-10T05:00:00+02:00 50 3.1 50.136 1.834
07661 2010-05-10T05:00:00+02:00 100 5.1 43.079333 5.940833
07314 2010-05-10T08:00:00+02:00 110 3.6 46.046833 -1.4115
78922 2010-05-10T11:00:00+02:00 90 7.2 14.7745 -60.875333
07761 2010-05-10T14:00:00+02:00 220 3.6 41.918 8.792667
61997 2010-05-10T14:00:00+02:00 290 15.9 -46.4325 51.856667
07621 2010-05-10T17:00:00+02:00 100 3.6 43.188 0.0
07627 2010-05-10T17:00:00+02:00 70 2.6 43.005333 1.106833
67005 2010-05-10T17:00:00+02:00 80 2.1 -12.8055 45.282833
07168 2010-05-10T20:00:00+02:00 10 2.6 48.324667 4.02
07207 2010-05-10T20:00:00+02:00 50 6.7 47.294333 -3.218333
